Entrez	Gene Symbol	P-value	Beta
6311	ATXN2	6e-115	0.4826
1185	CLCN6	9e-78	0.5274
79748	LMAN1L	1e-73	0.4125
5781	PTPN11	3e-67	0.3774
23316	CUX2	4e-58	0.3635
2242	FES	7e-58	0.3647
783	CACNB2	7.9999999999999985e-56	0.3679
64116	SLC39A8	5.999999999999999e-54	0.6382
57139	RGL3	4e-52	0.3557
490	ATP2B1	2.0000000000000003e-49	0.4153
2122	MECOM	6e-41	0.278
3643	INSR	1e-40	0.466
22978	NT5C2	6e-39	0.5093
8550	MAPKAPK5	1e-37	0.3509
4633	MYL2	2e-36	0.2881
55024	BANK1	5e-34	0.5402
7482	WNT2B	9.999999999999999e-33	0.4709
57480	PLEKHG1	3e-32	0.4786
7917	BAG6	3.9999999999999997e-32	0.2582
54986	ULK4	2e-31	0.3297
54897	CASZ1	7.0000000000000015e-31	0.2588
7369	UMOD	3e-30	0.3026
4046	LSP1	2.0000000000000002e-29	0.2475
6568	SLC17A1	6e-28	0.3512
5076	PAX2	1e-27	0.3597
4343	MOV10	1e-27	0.3001
8482	SEMA7A	2e-27	0.2275
22834	ZNF652	7e-27	0.2312
10806	SDCCAG8	1.9999999999999998e-26	0.2349
6499	SKIC2	1.9999999999999998e-26	0.2506
466	ATF1	8.999999999999998e-25	0.2181
55553	SOX6	3e-24	0.2633
81846	SBF2	2.0000000000000002e-23	0.2646
4134	MAP4	1e-22	0.2215
84316	NAA38	2e-22	0.3436
22895	RPH3A	2e-22	0.223
10801	SEPTIN9	3e-22	0.2347
255743	NPNT	3e-22	0.24
6494	SIPA1	1e-21	0.2485
23075	SWAP70	2e-21	0.1995
2201	FBN2	6e-21	0.198
1800	DPEP1	1e-20	0.2342
28	ABO	1e-20	0.2494
283450	HECTD4	6e-20	0.3927
5314	PKHD1	1e-19	0.1877
153241	CEP120	1e-19	0.1895
9351	NHERF2	4e-19	0.2078
51684	SUFU	1e-18	0.1836
4855	NOTCH4	4e-18	0.2531
4650	MYO9B	4e-18	0.2074
346171	ZFP57	6e-18	0.2225
144100	PLEKHA7	9e-18	0.1952
23236	PLCB1	1e-17	0.1852
253461	ZBTB38	1e-17	0.4287
285025	CCDC141	1e-17	0.3237
128710	SLX4IP	2e-17	0.1828
84108	PCGF6	2e-17	0.2379
121006	FAM186A	2e-17	0.5099
55023	PHIP	2e-17	0.1769
7323	UBE2D3	2e-17	0.1869
152273	FGD5	2e-17	0.1977
57580	PREX1	3e-17	0.2489
63976	PRDM16	3e-17	0.2605
6259	RYK	3e-17	0.1749
431705	ASTL	6e-17	0.1834
9531	BAG3	6e-17	0.2113
64641	EBF2	7e-17	0.1984
3659	IRF1	9e-17	0.1824
57609	DIP2B	2e-16	0.4356
2028	ENPEP	3e-16	0.2171
29855	UBN1	4e-16	0.1702
4836	NMT1	4e-16	0.1768
51312	SLC25A37	4e-16	0.1998
109	ADCY3	4e-16	0.1707
90637	ZFAND2A	5e-16	0.5285
6541	SLC7A1	5e-16	0.1973
898	CCNE1	1e-15	0.1714
1366	CLDN7	2e-15	0.1675
93166	PRDM6	2e-15	0.2377
50650	ARHGEF3	3e-15	0.1763
79628	SH3TC2	3e-15	0.203
57546	PDP2	3e-15	0.3918
11201	POLI	4e-15	0.1656
10335	IRAG1	6e-15	0.171
134359	POC5	6e-15	0.1673
6919	TCEA2	6e-15	0.1929
11077	HSF2BP	6e-15	0.1667
2778	GNAS	7e-15	0.2255
10198	MPHOSPH9	9e-15	0.2005
4482	MSRA	1e-14	0.1613
58489	ABHD17C	1e-14	0.1609
51422	PRKAG2	1e-14	0.1816
54805	CNNM2	4e-14	0.1708
81570	CLPB	4e-14	0.3034
7145	TNS1	5e-14	0.1596
56996	SLC12A9	6e-14	0.1562
51196	PLCE1	7e-14	0.1577
7024	TFCP2	7e-14	0.4994
9258	MFHAS1	1e-13	0.1564
84329	HVCN1	1e-13	0.4759
272	AMPD3	1e-13	0.1577
23269	MGA	1e-13	0.1607
4291	MLF1	1e-13	0.2071
221037	JMJD1C	1e-13	0.1561
8654	PDE5A	2e-13	0.1529
10919	EHMT2	2e-13	0.4462
7042	TGFB2	2e-13	0.1615
84133	ZNRF3	2e-13	0.1537
80790	CMIP	2e-13	0.1536
57223	PPP4R3B	2e-13	0.1559
26040	SETBP1	2e-13	0.1666
55365	TMEM176A	3e-13	0.1652
7871	SLMAP	3e-13	0.1642
221035	REEP3	3e-13	0.1509
23683	PRKD3	3e-13	0.1812
55105	GPATCH2	3e-13	0.1796
80331	DNAJC5	4e-13	0.1555
22808	MRAS	4e-13	0.2028
4846	NOS3	6e-13	0.179
54510	PCDH18	6e-13	0.1535
84181	CHD6	7e-13	0.1881
5530	PPP3CA	8e-13	0.1587
8658	TNKS	1e-12	0.1534
55107	ANO1	1e-12	0.1471
5795	PTPRJ	1e-12	0.1682
9644	SH3PXD2A	1e-12	0.1477
10846	PDE10A	1e-12	0.2935
57794	SUGP1	2e-12	0.278
79875	THSD4	2e-12	0.1538
25861	WHRN	2e-12	0.1456
776	CACNA1D	2e-12	0.181
5596	MAPK4	3e-12	0.1675
90342	FER1L5	3e-12	0.1526
23414	ZFPM2	4e-12	0.2471
57553	MICAL3	4e-12	0.1608
3269	HRH1	4e-12	0.157
79109	MAPKAP1	5e-12	0.1452
22986	SORCS3	7e-12	0.5741
63895	PIEZO2	7e-12	0.1617
10590	SCGN	9e-12	0.1423
3693	ITGB5	9e-12	0.1433
80714	PBX4	9e-12	0.2826
79987	SVEP1	1e-11	0.4177
4773	NFATC2	1e-11	0.142
51564	HDAC7	1e-11	0.1683
79346	OR4C5	1e-11	0.2065
7421	VDR	1e-11	0.3943
11264	PXMP4	1e-11	0.1994
9526	MPDU1	1e-11	0.1415
22906	TRAK1	2e-11	0.2649
10019	SH2B3	2e-11	0.3464
9612	NCOR2	2e-11	0.194
4897	NRCAM	2e-11	0.1455
10533	ATG7	3e-11	0.143
4012	LNPEP	3e-11	0.1388
253959	RALGAPA1	3e-11	0.2309
123920	CMTM3	3e-11	0.3564
8425	LTBP4	4e-11	0.1558
445815	PALM2AKAP2	4e-11	0.1857
4140	MARK3	5e-11	0.2017
6645	SNTB2	5e-11	0.1573
63891	RNF123	6e-11	0.1476
79096	CSTPP1	6e-11	0.2294
59269	HIVEP3	6e-11	0.1373
288	ANK3	7e-11	0.1348
79969	ATAT1	7e-11	0.2162
80816	ASXL3	8e-11	0.2544
8945	BTRC	8e-11	0.3325
11173	ADAMTS7	9e-11	0.1645
57787	MARK4	1e-10	0.1574
7525	YES1	1e-10	0.1762
143872	ARHGAP42	1e-10	0.1735
8110	DPF3	1e-10	0.1604
6546	SLC8A1	1e-10	0.1337
84260	TCHP	1e-10	0.2716
26289	AK5	1e-10	0.2082
387119	CEP85L	1e-10	0.1343
10418	SPON1	2e-10	0.1755
137682	NDUFAF6	2e-10	0.1818
3397	ID1	2e-10	0.182
25921	ZDHHC5	2e-10	0.1577
79903	NAA60	2e-10	0.1487
4194	MDM4	2e-10	0.1489
51654	CDK5RAP1	2e-10	0.1855
22877	MLXIP	2e-10	0.135
51458	RHCG	2e-10	0.19
8315	BRAP	2e-10	0.4173
55567	DNAH3	2e-10	0.1336
51176	LEF1	3e-10	0.1362
4137	MAPT	3e-10	0.148
5420	PODXL	3e-10	0.1343
10428	CFDP1	3e-10	0.1366
8814	CDKL1	3e-10	0.5108
152110	NEK10	3e-10	0.1433
29128	UHRF1	3e-10	0.1303
140775	SMCR8	3e-10	0.133
23168	RTF1	4e-10	0.1328
5581	PRKCE	4e-10	0.1524
64333	ARHGAP9	4e-10	0.3687
10906	TRAFD1	4e-10	0.4323
79991	STN1	4e-10	0.185
28981	IFT81	5e-10	0.1304
775	CACNA1C	5e-10	0.1431
8347	H2BC4	6e-10	0.1748
9033	PKD2L1	6e-10	0.1724
27148	STK36	6e-10	0.2941
9728	SECISBP2L	6e-10	0.1565
57623	ZFAT	6e-10	0.1333
90993	CREB3L1	6e-10	0.2687
26579	MYEOV	7e-10	0.2105
79612	NAA16	7e-10	0.1521
6801	STRN	8e-10	0.1609
23293	SMG6	8e-10	0.1273
10150	MBNL2	9e-10	0.1382
56990	CDC42SE2	9e-10	0.1405
80018	NAA25	9e-10	0.4325
7273	TTN	1e-09	0.1267
79153	GDPD3	1e-09	0.1865
9776	ATG13	1e-09	0.2052
374383	NCR3LG1	1e-09	0.1292
7107	GPR137B	2e-09	0.1675
2843	GPR20	2e-09	0.2892
2524	FUT2	2e-09	0.1278
26608	TBL2	2e-09	0.1582
7015	TERT	2e-09	0.1558
10144	FAM13A	2e-09	0.1248
4208	MEF2C	2e-09	0.2042
136371	ASB10	2e-09	0.1324
9254	CACNA2D2	2e-09	0.1788
3710	ITPR3	2e-09	0.129
55691	FRMD4A	2e-09	0.1297
26056	RAB11FIP5	2e-09	0.1395
83478	ARHGAP24	2e-09	0.1791
25885	POLR1A	3e-09	0.1282
55137	FIGN	3e-09	0.2034
57082	KNL1	3e-09	0.1752
28969	BZW2	3e-09	0.1505
222553	SLC35F1	3e-09	0.3618
5747	PTK2	3e-09	0.1233
100507679	MUC22	3e-09	0.146
6599	SMARCC1	3e-09	0.2261
5080	PAX6	3e-09	0.174
23233	EXOC6B	3e-09	0.1687
11119	BTN3A1	3e-09	0.1843
10301	DLEU1	3e-09	0.1612
4905	NSF	3e-09	0.1409
1373	CPS1	4e-09	0.1336
153396	TMEM161B	4e-09	0.2597
57419	SLC24A3	4e-09	0.1393
115	ADCY9	4e-09	0.1817
144715	RAD9B	4e-09	0.1267
440275	EIF2AK4	4e-09	0.1229
8613	PLPP3	4e-09	0.1665
5049	PAFAH1B2	5e-09	0.165
167227	DCP2	5e-09	0.1422
28996	HIPK2	5e-09	0.1565
