Entrez	Gene Symbol	P-value	Beta
58513	EPS15L1	4e-136	0.07684013
5709	PSMD3	2e-118	0.06279266
63892	THADA	2e-94	0.08724153
2920	CXCL2	5.9999999999999996e-92	0.04590991
1021	CDK6	2e-89	0.07652959
9487	PIGL	1.0000000000000001e-72	0.039929066
55636	CHD7	2e-65	0.04856192
3574	IL7	4e-65	0.043748986
6372	CXCL6	2e-57	0.036732424
8826	IQGAP1	2e-47	0.034450416
9750	RIPOR2	2e-46	0.03182006
1441	CSF3R	5e-40	0.029900374
10581	IFITM2	6e-38	0.029972525
11278	KLF12	6e-38	0.031632476
1788	DNMT3A	2e-37	0.031412944
5329	PLAUR	6e-37	0.038606077
54854	FAM83E	8.999999999999999e-36	0.03437423
27086	FOXP1	2e-35	0.08930639
150280	HORMAD2	5e-35	0.027492745
2322	FLT3	2e-33	0.02808306
29091	STXBP6	9.999999999999999e-33	0.027052576
56926	NCLN	1.9999999999999998e-32	0.16811194
55843	ARHGAP15	4.999999999999999e-32	0.1731509
5937	RBMS1	7.0000000000000015e-31	0.029739955
7087	ICAM5	3e-29	0.025531452
3559	IL2RA	5.0000000000000004e-29	0.0422412
4049	LTA	6e-29	0.029798461
152100	CMC1	1.9999999999999997e-28	0.032320656
23526	ARHGAP45	1.9999999999999997e-28	0.040903
1997	ELF1	3e-28	0.035603557
7187	TRAF3	3e-28	0.029380327
118429	ANTXR2	5e-28	0.024268007
64123	ADGRL4	4e-27	0.06737784
3557	IL1RN	5e-27	0.023974324
3676	ITGA4	5e-27	0.024073826
55289	ACOXL	9.999999999999999e-27	0.023723256
7597	ZBTB25	1.9999999999999998e-26	0.025334708
9256	TSPOAP1	1.9999999999999998e-26	0.10502854
57673	BEND3	3e-25	0.023839688
84166	NLRC5	5e-25	0.02300379
30844	EHD4	3e-24	0.026829943
128611	ZNF831	1.0000000000000001e-23	0.023445677
23030	KDM4B	4.0000000000000004e-23	0.026358124
84159	ARID5B	2e-22	0.02278713
8178	ELL	3e-22	0.023413321
63893	UBE2O	5e-22	0.025855176
3654	IRAK1	6e-22	0.023521435
27143	PALD1	1e-21	0.05370436
29072	SETD2	2e-21	0.023702715
1029	CDKN2A	2e-21	0.023587987
286	ANK1	2e-21	0.024685413
1520	CTSS	3e-21	0.021057623
132720	FAM241A	3e-21	0.021019306
57178	ZMIZ1	4e-21	0.021157902
6794	STK11	4e-21	0.025891943
80762	NDFIP1	2e-20	0.021090075
253461	ZBTB38	2e-20	0.020925023
168537	GIMAP7	6e-20	0.024096066
84619	ZGPAT	7e-20	0.021516526
221895	JAZF1	1e-19	0.025140513
57533	TBC1D14	4e-19	0.020533057
79142	PHF23	5e-19	0.02798415
7015	TERT	5e-19	0.019951025
28	ABO	6e-19	0.025657225
1236	CCR7	7e-19	0.051750287
2113	ETS1	1e-18	0.019607894
165324	UBXN2A	2e-18	0.029082365
6708	SPTA1	3e-18	0.021777662
4063	LY9	4e-18	0.019399447
1879	EBF1	6e-18	0.036078785
168850	ZNF800	7e-18	0.069546215
1440	CSF3	1e-17	0.08419483
22821	RASA3	1e-17	0.019779377
79819	DNAI4	1e-17	0.021498606
64231	MS4A6A	2e-17	0.01958226
132660	LIN54	3e-17	0.019162046
56997	COQ8A	3e-17	0.018658442
7297	TYK2	5e-17	0.10432634
167465	ZNF366	5e-17	0.029629355
1901	S1PR1	6e-17	0.064735726
2625	GATA3	7e-17	0.024026794
22856	CHSY1	8e-17	0.029725168
6513	SLC2A1	9e-17	0.024279775
118426	BORCS5	9e-17	0.08435163
79961	DENND2D	1e-16	0.019690953
11030	RBPMS	1e-16	0.020842977
22924	MAPRE3	1e-16	0.020086292
23786	BCL2L13	1e-16	0.018375825
51564	HDAC7	2e-16	0.048169993
9555	MACROH2A1	3e-16	0.05971532
3096	HIVEP1	4e-16	0.019480884
2289	FKBP5	4e-16	0.01982448
79890	RIN3	5e-16	0.03075464
57130	ATP13A1	7e-16	0.035798814
388931	MFSD2B	7e-16	0.02087998
9679	FAM53B	9e-16	0.02843687
1238	ACKR2	1e-15	0.018616052
9938	ARHGAP25	1e-15	0.02042342
6621	SNAPC4	2e-15	0.018031264
163486	DENND1B	3e-15	0.021132065
4208	MEF2C	5e-15	0.019502316
30845	EHD3	5e-15	0.01769976
3108	HLA-DMA	6e-15	0.018046945
50488	MINK1	7e-15	0.01848551
23108	RAP1GAP2	7e-15	0.019396966
4058	LTK	7e-15	0.01824949
84133	ZNRF3	1e-14	0.017287524
1798	DPAGT1	1e-14	0.017280571
2975	GTF3C1	1e-14	0.04683729
129685	TAF8	2e-14	0.02544793
4602	MYB	2e-14	0.01760013
57591	MRTFA	4e-14	0.017549861
814	CAMK4	5e-14	0.03324438
11138	TBC1D8	5e-14	0.017175522
23704	KCNE4	5e-14	0.017155552
3394	IRF8	7e-14	0.017105361
10320	IKZF1	1e-13	0.02302849
25989	ULK3	1e-13	0.01704164
202243	CCDC125	1e-13	0.016529335
1789	DNMT3B	2e-13	0.01641665
8328	GFI1B	2e-13	0.09512101
1643	DDB2	2e-13	0.022412892
113263	GLCCI1	2e-13	0.03403391
1611	DAP	2e-13	0.016724922
256227	STEAP1B	3e-13	0.01788141
10055	SAE1	3e-13	0.0183977
969	CD69	3e-13	0.031349678
7091	TLE4	5e-13	0.016871812
857	CAV1	5e-13	0.026084507
6310	ATXN1	6e-13	0.02090962
134957	STXBP5	6e-13	0.016264275
6521	SLC4A1	6e-13	0.01843353
285755	PPIL6	6e-13	0.01774607
3953	LEPR	6e-13	0.01842654
2908	NR3C1	7e-13	0.023238083
10171	RCL1	9e-13	0.016484762
4353	MPO	1e-12	0.061928716
10666	CD226	1e-12	0.016033778
158747	MOSPD2	2e-12	0.02685238
22904	SBNO2	2e-12	0.07283563
5770	PTPN1	2e-12	0.028448423
2869	GRK5	2e-12	0.015661396
11124	FAF1	2e-12	0.021336364
3428	IFI16	2e-12	0.022903346
23683	PRKD3	2e-12	0.0430748
2079	ERH	2e-12	0.031456925
23765	IL17RA	2e-12	0.1045284
143458	LDLRAD3	2e-12	0.0159249
10801	SEPTIN9	3e-12	0.015478268
9466	IL27RA	3e-12	0.02021152
55244	SLC47A1	4e-12	0.015854297
111	ADCY5	5e-12	0.02016551
10077	TSPAN32	5e-12	0.05581835
8935	SKAP2	5e-12	0.016195564
50650	ARHGEF3	7e-12	0.015471136
6546	SLC8A1	7e-12	0.019328136
5191	PEX7	7e-12	0.0151731055
6557	SLC12A1	8e-12	0.022342848
8856	NR1I2	1e-11	0.01659111
1524	CX3CR1	1e-11	0.019828863
8613	PLPP3	1e-11	0.01574406
23495	TNFRSF13B	1e-11	0.08951692
3579	CXCR2	1e-11	0.43528566
4306	NR3C2	2e-11	0.015514497
5564	PRKAB1	2e-11	0.027567154
2624	GATA2	2e-11	0.017640471
863	CBFA2T3	2e-11	0.035362862
401474	SAMD12	2e-11	0.02557138
473	RERE	2e-11	0.014913648
51744	CD244	3e-11	0.09809881
118788	PIK3AP1	3e-11	0.01863192
222389	BEND7	3e-11	0.015063964
3187	HNRNPH1	3e-11	0.01567313
779	CACNA1S	3e-11	0.015644763
7132	TNFRSF1A	3e-11	0.015175088
196740	VSTM4	4e-11	0.017836193
105371893	SLC9A3R1-AS1	4e-11	0.0154012805
79731	NARS2	4e-11	0.019379133
64601	VPS16	4e-11	0.0148978215
115	ADCY9	5e-11	0.015752966
9931	HELZ	7e-11	0.014382546
9415	FADS2	7e-11	0.0195271
81611	ANP32E	8e-11	0.015942639
11093	ADAMTS13	9e-11	0.014894974
27106	ARRDC2	9e-11	0.017213197
5788	PTPRC	1e-10	0.07645854
256380	SCML4	1e-10	0.016822841
4790	NFKB1	1e-10	0.020501785
4012	LNPEP	1e-10	0.014341537
5728	PTEN	1e-10	0.03527525
55213	RCBTB1	1e-10	0.015758235
8793	TNFRSF10D	1e-10	0.016345596
26074	CFAP61	1e-10	0.015859395
3172	HNF4A	2e-10	0.0409991
3662	IRF4	2e-10	0.014776188
1436	CSF1R	2e-10	0.014478118
157310	PEBP4	2e-10	0.014867116
596	BCL2	2e-10	0.020808578
4772	NFATC1	2e-10	0.015260567
1398	CRK	2e-10	0.08499556
84678	KDM2B	2e-10	0.014249329
60468	BACH2	2e-10	0.018583471
26	AOC1	3e-10	0.015255866
23043	TNIK	3e-10	0.018082576
11262	SP140	3e-10	0.018916849
51291	GMIP	3e-10	0.014283113
6777	STAT5B	4e-10	0.014767111
5725	PTBP1	5e-10	0.014053412
80005	DOCK5	6e-10	0.016795933
391	RHOG	6e-10	0.01376423
4683	NBN	7e-10	0.115243606
2771	GNAI2	7e-10	0.07752232
63976	PRDM16	7e-10	0.016236743
80790	CMIP	8e-10	0.0136699695
5305	PIP4K2A	9e-10	0.020502066
51366	UBR5	9e-10	0.013968873
2078	ERG	1e-09	0.013789463
23410	SIRT3	1e-09	0.013566241
64327	LMBR1	1e-09	0.014435763
23331	TTC28	1e-09	0.02336805
10301	DLEU1	1e-09	0.04010748
7412	VCAM1	1e-09	0.018559912
6773	STAT2	1e-09	0.026437452
665	BNIP3L	1e-09	0.014761711
8621	CDK13	1e-09	0.013796752
9474	ATG5	1e-09	0.017155724
57476	GRAMD1B	1e-09	0.01714665
860	RUNX2	2e-09	0.014746331
8729	GBF1	2e-09	0.035126403
57580	PREX1	2e-09	0.10404585
55062	WIPI1	2e-09	0.020014985
3982	LIM2	2e-09	0.015098436
25816	TNFAIP8	2e-09	0.016422475
23228	PLCL2	2e-09	0.01632597
688	KLF5	3e-09	0.013367451
55167	MSL2	3e-09	0.014812015
28960	DCPS	3e-09	0.015434138
27314	RAB30	3e-09	0.014133175
9696	CROCC	3e-09	0.034624677
7185	TRAF1	3e-09	0.013747376
9844	ELMO1	4e-09	0.013022628
139716	GAB3	4e-09	0.012704724
221037	JMJD1C	4e-09	0.015863145
9625	AATK	4e-09	0.013273094
64282	TENT4B	5e-09	0.022319645
169792	GLIS3	5e-09	0.013705773
147339	ARK2N	6e-09	0.013011213
23236	PLCB1	6e-09	0.013188823
84870	RSPO3	6e-09	0.030104952
114548	NLRP3	6e-09	0.013800415
284110	GSDMA	6e-09	0.028546326
93349	SP140L	7e-09	0.012930471
84679	SLC9A7	7e-09	0.011396934
22806	IKZF3	7e-09	0.024941288
3988	LIPA	7e-09	0.013563481
