Entrez	Gene Symbol	P-value	Beta
10111	RAD50	2e-140	0.07800236
246	ALOX15	2e-117	0.17930405
55636	CHD7	2.0000000000000002e-72	0.05118706
728294	D2HGDH	4e-69	0.044514384
22806	IKZF3	8e-59	0.10082131
90865	IL33	2e-58	0.26387036
60468	BACH2	7.999999999999998e-54	0.035711613
8809	IL18R1	5e-48	0.04644552
1902	LPAR1	4e-47	0.032687165
8328	GFI1B	7e-45	0.18238781
10410	IFITM3	9.000000000000001e-45	0.037627403
3568	IL5RA	5.999999999999999e-44	0.03905994
80762	NDFIP1	7e-44	0.031553887
861	RUNX1	1e-43	0.031912137
2623	GATA1	1e-41	0.13390116
84162	BLTP1	3e-41	0.03215487
1053	CEBPE	2.9999999999999998e-40	0.16639988
8061	FOSL1	4e-38	0.028777573
51676	ASB2	2e-37	0.058599487
4345	CD200	3e-37	0.02842013
22807	IKZF2	5.0000000000000005e-37	0.053294934
81858	SHARPIN	5.0000000000000005e-37	0.057548758
23135	KDM6B	1e-36	0.06900599
10581	IFITM2	1e-36	0.030822506
3717	JAK2	2e-36	0.03209035
3716	JAK1	5e-36	0.04609883
55809	TRERF1	1e-35	0.03731863
6821	SUOX	1e-35	0.029166074
8698	S1PR4	2.0000000000000003e-34	0.13060139
3635	INPP5D	5e-34	0.035700113
57511	COG6	7.0000000000000006e-34	0.028296808
5788	PTPRC	1e-33	0.041448746
4088	SMAD3	2e-33	0.031639926
55582	KIF27	9.999999999999999e-33	0.030129684
161882	ZFPM1	6e-32	0.03091325
10767	HBS1L	6e-32	0.031157061
4026	LPP	1e-31	0.028194498
9683	N4BP1	1.0000000000000001e-29	0.027066207
473	RERE	2.0000000000000002e-29	0.0254016
5468	PPARG	2.0000000000000002e-29	0.025978766
2720	GLB1	4.0000000000000003e-29	0.02590581
59269	HIVEP3	6e-29	0.025095344
8794	TNFRSF10C	7.000000000000001e-29	0.027266217
337867	UBAC2	1.9999999999999997e-28	0.026829107
23526	ARHGAP45	1.9999999999999997e-28	0.04396466
9844	ELMO1	3e-28	0.040686198
943	TNFRSF8	3.9999999999999994e-28	0.10144436
5728	PTEN	5e-28	0.024976043
23308	ICOSLG	9e-28	0.02467736
3566	IL4R	3e-27	0.026634572
8019	BRD3	3e-27	0.02714981
1373	CPS1	4e-27	0.025780147
651746	ANKRD33B	3e-25	0.02725573
2879	GPX4	3e-25	0.031508792
23036	ZNF292	3e-24	0.02322511
2313	FLI1	6e-24	0.029465582
151056	PLB1	7.000000000000001e-24	0.026877128
84166	NLRC5	7.000000000000001e-23	0.02190371
131450	CD200R1	9.000000000000001e-23	0.021835772
196	AHR	2e-22	0.022028325
80176	SPSB1	2e-22	0.028081408
22823	MTF2	3e-22	0.02351906
940	CD28	3e-22	0.0567472
57414	RHBDD2	4e-22	0.02969549
64682	ANAPC1	4e-22	0.025313709
596	BCL2	6e-22	0.028212655
597	BCL2A1	9e-22	0.024238013
23264	ZC3H7B	2e-21	0.024836961
2625	GATA3	2e-21	0.021457138
3026	HABP2	3e-21	0.05211327
5465	PPARA	3e-21	0.03146991
1269	CNR2	4e-21	0.021073094
8189	SYMPK	6e-21	0.022358498
472	ATM	8e-21	0.020841826
5770	PTPN1	1e-20	0.03744748
602	BCL3	5e-20	0.06944797
28960	DCPS	5e-20	0.024003731
1439	CSF2RB	9e-20	0.02781679
1021	CDK6	9e-20	0.02645315
100507436	MICA	1e-19	0.028329957
23199	GSE1	1e-19	0.118735686
5293	PIK3CD	2e-19	0.020676868
23228	PLCL2	2e-19	0.024108749
11262	SP140	2e-19	0.025407571
10301	DLEU1	5e-19	0.020348398
919	CD247	6e-19	0.020231439
10320	IKZF1	7e-19	0.07928898
7292	TNFSF4	1e-18	0.019670507
56946	EMSY	2e-18	0.04571351
1795	DOCK3	2e-18	0.029660126
54931	TRMT10C	2e-18	0.019424642
146198	ZFP90	3e-18	0.023427002
11278	KLF12	4e-18	0.02635975
55294	FBXW7	1e-17	0.020483524
79890	RIN3	1e-17	0.01908434
100506736	SLFN12L	1e-17	0.019517666
22863	ATG14	2e-17	0.019181043
3706	ITPKA	2e-17	0.019034823
4602	MYB	2e-17	0.029562103
6778	STAT6	2e-17	0.031122781
2687	GGT5	4e-17	0.020226618
54903	MKS1	4e-17	0.10354616
161823	ADAL	5e-17	0.023592588
578	BAK1	5e-17	0.021479705
7133	TNFRSF1B	6e-17	0.023184242
10318	TNIP1	6e-17	0.021755753
4676	NAP1L4	6e-17	0.022058543
56829	ZC3HAV1	8e-17	0.02228705
113	ADCY7	9e-17	0.119596206
55196	RESF1	9e-17	0.022186602
3656	IRAK2	9e-17	0.04018205
6932	TCF7	2e-16	0.02897358
2289	FKBP5	2e-16	0.026025781
9779	TBC1D5	3e-16	0.02224339
7090	TLE3	3e-16	0.035918266
4055	LTBR	5e-16	0.021238469
115727	RASGRP4	7e-16	0.043987814
23092	ARHGAP26	8e-16	0.019940449
147923	ZNF420	9e-16	0.019037899
3119	HLA-DQB1	9e-16	0.022020848
3171	FOXA3	2e-15	0.031164605
846	CASR	2e-15	0.018929373
10394	PRG3	2e-15	0.03350057
3559	IL2RA	2e-15	0.06842026
1859	DYRK1A	4e-15	0.027149307
26094	DCAF4	4e-15	0.018909214
84969	TOX2	4e-15	0.019630045
23387	SIK3	6e-15	0.03777564
10171	RCL1	7e-15	0.017594295
942	CD86	7e-15	0.021414898
3146	HMGB1	9e-15	0.020723112
9679	FAM53B	1e-14	0.018546343
3113	HLA-DPA1	1e-14	0.029356208
23505	TMEM131	2e-14	0.020768879
4773	NFATC2	2e-14	0.026618816
84811	BUD13	2e-14	0.024417236
9474	ATG5	2e-14	0.020919874
54518	APBB1IP	2e-14	0.020993574
57149	LYRM1	2e-14	0.01929402
11055	ZPBP	4e-14	0.016954033
55770	EXOC2	4e-14	0.019572299
7015	TERT	5e-14	0.018157152
63892	THADA	7e-14	0.03119784
80714	PBX4	1e-13	0.01679712
10664	CTCF	1e-13	0.031825382
4170	MCL1	1e-13	0.07737147
3560	IL2RB	2e-13	0.018391877
79669	C3orf52	2e-13	0.046480175
54536	EXOC6	2e-13	0.01719296
23274	CLEC16A	2e-13	0.028451744
80008	TMEM156	2e-13	0.017354956
6095	RORA	3e-13	0.023876142
127550	A3GALT2	3e-13	0.017396454
3937	LCP2	3e-13	0.03205419
6504	SLAMF1	4e-13	0.01616421
3707	ITPKB	4e-13	0.016010249
124540	MSI2	5e-13	0.03743253
8778	SIGLEC5	7e-13	0.017543321
10328	EMC8	7e-13	0.0199522
56850	GRIPAP1	8e-13	0.019301688
200424	TET3	9e-13	0.021194156
5447	POR	1e-12	0.017661726
5771	PTPN2	1e-12	0.016235039
7332	UBE2L3	1e-12	0.019791197
58513	EPS15L1	2e-12	0.021046693
9641	IKBKE	2e-12	0.018382914
286053	NSMCE2	2e-12	0.028794989
7423	VEGFB	2e-12	0.017045619
64793	CEP85	2e-12	0.020131588
5450	POU2AF1	2e-12	0.018368425
864	RUNX3	3e-12	0.015600162
9262	STK17B	3e-12	0.022561854
1232	CCR3	3e-12	0.22897972
581	BAX	3e-12	0.02174481
83605	CCM2	4e-12	0.017368358
23533	PIK3R5	4e-12	0.016574992
9156	EXO1	5e-12	0.042866442
1441	CSF3R	5e-12	0.0155093605
23165	NUP205	6e-12	0.01655814
11201	POLI	6e-12	0.0155746015
23235	SIK2	6e-12	0.017285319
9855	FARP2	7e-12	0.016182505
79664	ICE2	7e-12	0.019250853
115701	ALPK2	9e-12	0.02662428
1523	CUX1	1e-11	0.01647115
10636	RGS14	1e-11	0.015856218
80790	CMIP	1e-11	0.01506716
57605	PITPNM2	1e-11	0.018705126
29072	SETD2	1e-11	0.01941844
222255	ATXN7L1	1e-11	0.018464295
340152	ZC3H12D	2e-11	0.015181269
140688	NOL4L	2e-11	0.017573703
27086	FOXP1	2e-11	0.015795495
29015	SLC43A3	2e-11	0.017065093
4173	MCM4	2e-11	0.021016803
79903	NAA60	3e-11	0.03486924
64116	SLC39A8	4e-11	0.027977897
3135	HLA-G	5e-11	0.0409033
5329	PLAUR	5e-11	0.020001581
51085	MLXIPL	5e-11	0.02169788
114904	C1QTNF6	5e-11	0.014778135
9415	FADS2	5e-11	0.015067298
145282	MIPOL1	6e-11	0.01604398
23765	IL17RA	7e-11	0.09662838
4005	LMO2	7e-11	0.039744545
55289	ACOXL	8e-11	0.014806078
53347	UBASH3A	9e-11	0.020965371
55107	ANO1	9e-11	0.014747305
8751	ADAM15	1e-10	0.014309819
6238	RRBP1	1e-10	0.014408213
1997	ELF1	1e-10	0.018277226
11127	KIF3A	1e-10	0.02239119
57210	SLC45A4	1e-10	0.014885231
90459	ERI1	2e-10	0.014707037
85451	UNK	2e-10	0.016946718
29949	IL19	2e-10	0.020495024
6311	ATXN2	2e-10	0.081918605
286827	TRIM59	2e-10	0.014211768
29882	ANAPC2	2e-10	0.03692883
6920	TCEA3	2e-10	0.014405705
221037	JMJD1C	2e-10	0.01872929
3663	IRF5	2e-10	0.014151586
8603	FAM193A	3e-10	0.014237469
22904	SBNO2	3e-10	0.015370746
222194	RSBN1L	3e-10	0.013966643
3690	ITGB3	4e-10	0.016777031
10291	SF3A1	5e-10	0.015511739
23613	ZMYND8	6e-10	0.018642187
10747	MASP2	6e-10	0.01842967
4149	MAX	6e-10	0.014307299
10451	VAV3	7e-10	0.015698109
80305	TRABD	7e-10	0.02652161
9757	KMT2B	7e-10	0.016165763
1911	PHC1	8e-10	0.015155751
1154	CISH	8e-10	0.11995878
3696	ITGB8	9e-10	0.013657498
2185	PTK2B	9e-10	0.013827891
4092	SMAD7	9e-10	0.02101442
10584	COLEC10	1e-09	0.01435059
200734	SPRED2	1e-09	0.01359917
79719	AAGAB	1e-09	0.016186591
27244	SESN1	1e-09	0.022881396
101928243	DARS1-AS1	1e-09	0.014284247
7421	VDR	1e-09	0.0138518615
154	ADRB2	1e-09	0.05565328
4790	NFKB1	2e-09	0.043864664
8673	VAMP8	2e-09	0.014572917
2113	ETS1	2e-09	0.013524403
2078	ERG	2e-09	0.07056947
55777	MBD5	2e-09	0.013557595
23031	MAST3	2e-09	0.014081682
860	RUNX2	2e-09	0.067076914
3953	LEPR	2e-09	0.014409566
3097	HIVEP2	3e-09	0.022477338
8728	ADAM19	3e-09	0.01868034
55303	GIMAP4	3e-09	0.013533229
5913	RAPSN	3e-09	0.0141952755
8672	EIF4G3	3e-09	0.013148545
84993	UBL7	3e-09	0.018525189
222662	LHFPL5	4e-09	0.014963207
4249	MGAT5	4e-09	0.016665906
121665	SPPL3	5e-09	0.013140273
57623	ZFAT	6e-09	0.017579276
