Entrez	Gene Symbol	P-value	Beta
23765	IL17RA	0.0	0.59
3394	IRF8	0.0	0.0867
3676	ITGA4	0.0	0.1106
2322	FLT3	0.0	0.4865
597	BCL2A1	1e-148	0.0688
2029	ENSA	8e-143	0.0637
4069	LYZ	2.9999999999999998e-133	0.1184
91662	NLRP12	4e-111	0.0637
1021	CDK6	7e-111	0.0679
1053	CEBPE	6e-87	0.0409
5159	PDGFRB	5e-85	0.0455
9256	TSPOAP1	1.0000000000000001e-72	0.1019
29091	STXBP6	1e-67	0.0363
56952	PRTFDC1	3e-67	0.0412
55289	ACOXL	8e-67	0.1415
79966	SCD5	2e-64	0.043
93624	TADA2B	4e-61	0.0348
4055	LTBR	4e-58	0.0399
896	CCND3	9e-54	0.0394
30844	EHD4	1e-52	0.0479
10767	HBS1L	8e-48	0.034
596	BCL2	9e-44	0.0947
10673	TNFSF13B	3e-35	0.1067
55619	DOCK10	3e-34	0.0366
706	TSPO	3e-34	0.0295
4046	LSP1	7.0000000000000006e-34	0.0263
23236	PLCB1	9.999999999999999e-33	0.0276
2859	GPR35	9.999999999999999e-33	0.0304
3822	KLRC2	3e-32	0.0404
7227	TRPS1	3e-32	0.0252
85464	SSH2	1e-31	0.0245
1240	CMKLR1	3.0000000000000003e-31	0.0256
6239	RREB1	7.0000000000000015e-31	0.0324
5062	PAK2	9.999999999999999e-29	0.0235
2651	GCNT2	3e-28	0.0232
80008	TMEM156	3e-24	0.0224
8698	S1PR4	2.0000000000000002e-23	0.1385
2334	AFF2	7e-22	0.0187
5922	RASA2	9e-22	0.0202
30845	EHD3	2e-21	0.1388
25853	DCAF12	5e-21	0.0257
2113	ETS1	8e-21	0.0246
51526	OSER1	1e-20	0.0193
5293	PIK3CD	1e-20	0.0219
79722	ANKRD55	1e-20	0.0304
111	ADCY5	2e-19	0.0239
8844	KSR1	2e-19	0.0192
11072	DUSP14	2e-19	0.021
79890	RIN3	5e-19	0.0263
23293	SMG6	1e-18	0.0223
4026	LPP	1e-18	0.0206
2077	ERF	2e-18	0.0397
4815	NINJ2	4e-18	0.0184
147339	ARK2N	6e-18	0.0202
6310	ATXN1	1e-17	0.019
6387	CXCL12	1e-17	0.0202
221395	ADGRF5	1e-16	0.025
2078	ERG	1e-16	0.0552
3570	IL6R	1e-16	0.0195
83892	KCTD10	2e-16	0.0172
196740	VSTM4	2e-16	0.0225
54855	TENT5C	2e-16	0.0232
14	AAMP	3e-16	0.0196
167465	ZNF366	4e-16	0.0278
115	ADCY9	5e-16	0.017
6513	SLC2A1	5e-16	0.0207
7791	ZYX	6e-16	0.02
257106	ARHGAP30	7e-16	0.0171
54502	RBM47	8e-16	0.0184
64218	SEMA4A	1e-15	0.0487
129080	EMID1	2e-15	0.0182
4067	LYN	2e-15	0.0174
10581	IFITM2	5e-15	0.0174
10326	SIRPB1	6e-15	0.019
79699	ZYG11B	9e-15	0.018
9586	CREB5	2e-14	0.0215
5570	PKIB	2e-14	0.0161
4066	LYL1	2e-14	0.071
29994	BAZ2B	3e-14	0.0178
23521	RPL13A	6e-14	0.0309
3815	KIT	1e-13	0.016
200558	APLF	1e-13	0.1035
2185	PTK2B	1e-13	0.0161
23139	MAST2	1e-13	0.0174
9911	TMCC2	2e-13	0.0261
282809	POC1B	2e-13	0.0179
25775	YWHAH-AS1	2e-13	0.0171
1440	CSF3	2e-13	0.0157
5596	MAPK4	3e-13	0.0155
5878	RAB5C	3e-13	0.02
84166	NLRC5	4e-13	0.0158
421	ARVCF	4e-13	0.0163
9842	PLEKHM1	4e-13	0.0219
10274	STAG1	4e-13	0.016
9473	THEMIS2	8e-13	0.0791
164668	APOBEC3H	1e-12	0.0249
6850	SYK	1e-12	0.0147
7704	ZBTB16	2e-12	0.0168
80122	MAP3K19	2e-12	0.0176
867	CBL	2e-12	0.0191
26112	CCDC69	2e-12	0.0408
83637	ZMIZ2	3e-12	0.0152
3205	HOXA9	3e-12	0.0259
55843	ARHGAP15	4e-12	0.1062
23169	SLC35D1	6e-12	0.0179
1075	CTSC	7e-12	0.0274
399665	EEIG1	1e-11	0.0169
79149	ZSCAN5A	1e-11	0.016
5029	P2RY2	2e-11	0.0142
54838	WBP1L	2e-11	0.0187
5581	PRKCE	2e-11	0.0164
10526	IPO8	2e-11	0.0137
7328	UBE2H	3e-11	0.0215
8028	MLLT10	3e-11	0.0166
51667	NUB1	4e-11	0.0139
4261	CIITA	5e-11	0.0152
5862	RAB2A	6e-11	0.0159
64333	ARHGAP9	6e-11	0.1094
57710	KIAA1614	6e-11	0.0143
472	ATM	6e-11	0.0135
688	KLF5	6e-11	0.016
11083	DIDO1	8e-11	0.0159
861	RUNX1	8e-11	0.0227
91768	CABLES1	9e-11	0.0168
201501	ZBTB7C	2e-10	0.0139
94	ACVRL1	2e-10	0.0158
169792	GLIS3	3e-10	0.0141
7102	TSPAN7	3e-10	0.0116
9612	NCOR2	3e-10	0.015
57591	MRTFA	4e-10	0.0228
4208	MEF2C	5e-10	0.0158
80256	ATOSB	5e-10	0.0151
55026	TMEM255A	6e-10	0.0155
57621	ZBTB2	6e-10	0.0131
6934	TCF7L2	6e-10	0.0148
253430	IPMK	7e-10	0.018
79792	GSDMD	7e-10	0.0207
4607	MYBPC3	7e-10	0.0277
11030	RBPMS	7e-10	0.0157
4217	MAP3K5	7e-10	0.0128
196	AHR	1e-09	0.0357
2335	FN1	1e-09	0.0151
93010	B3GNT7	2e-09	0.0145
81704	DOCK8	3e-09	0.0126
7225	TRPC6	3e-09	0.028
219902	TLCD5	3e-09	0.0142
6861	SYT5	3e-09	0.015
2932	GSK3B	3e-09	0.0141
10249	GLYAT	4e-09	0.0141
6712	SPTBN2	4e-09	0.0132
10963	STIP1	8e-09	0.012
1729	DIAPH1	9e-09	0.0119
8878	SQSTM1	1e-08	0.0134
55589	BMP2K	1e-08	0.0166
121512	FGD4	1e-08	0.0124
7050	TGIF1	1e-08	0.0133
2494	NR5A2	1e-08	0.0116
23228	PLCL2	1e-08	0.0154
8455	ATRN	2e-08	0.0127
2222	FDFT1	2e-08	0.0119
9658	ZNF516	2e-08	0.0243
5310	PKD1	2e-08	0.0516
84059	ADGRV1	2e-08	0.0263
10236	HNRNPR	3e-08	0.0146
64759	TNS3	3e-08	0.013
219537	SMTNL1	3e-08	0.0204
160492	LMNTD1	3e-08	0.1274
115992	RNF166	3e-08	0.0286
23350	U2SURP	4e-08	0.0118
283349	RASSF3	4e-08	0.057
3635	INPP5D	4e-08	0.0152
1027	CDKN1B	4e-08	0.0147
59269	HIVEP3	4e-08	0.0113
