Entrez	Gene Symbol	P-value	Beta
2322	FLT3	0.0	0.5410481
23765	IL17RA	0.0	0.6119163
3676	ITGA4	0.0	0.11787862
10320	IKZF1	8e-167	0.08801053
4069	LYZ	7e-139	0.11612971
5159	PDGFRB	9.999999999999999e-129	0.058148567
3394	IRF8	2e-127	0.107184164
4055	LTBR	9.999999999999999e-123	0.06190974
1053	CEBPE	2e-107	0.04968078
55289	ACOXL	7e-89	0.15898065
2646	GCKR	3e-77	0.04200302
55636	CHD7	8e-71	0.05059898
3783	KCNN4	6e-68	0.039992742
1524	CX3CR1	6e-53	0.045045283
7704	ZBTB16	3e-51	0.033596847
7227	TRPS1	7e-51	0.03354236
2029	ENSA	3e-48	0.045954544
5329	PLAUR	2e-47	0.044188354
9658	ZNF516	5e-46	0.059308268
2308	FOXO1	3e-43	0.033687208
3822	KLRC2	9e-42	0.045090176
1021	CDK6	6e-41	0.034528237
1240	CMKLR1	1e-40	0.030486446
4046	LSP1	1e-40	0.030713642
825	CAPN3	1e-38	0.10309579
9586	CREB5	2e-38	0.033828072
5922	RASA2	6e-38	0.029183233
27106	ARRDC2	3e-37	0.031624593
23135	KDM6B	3e-37	0.0697409
4026	LPP	4e-37	0.029013187
23495	TNFRSF13B	6e-37	0.16855633
10260	DENND4A	4.0000000000000006e-34	0.03543496
23223	RRP12	6e-33	0.030421717
2859	GPR35	7e-33	0.034117933
22856	CHSY1	9.999999999999999e-33	0.042846102
2734	GLG1	1.9999999999999998e-32	0.032747865
4353	MPO	2e-31	0.16854054
84243	ZDHHC18	2e-31	0.034897618
53944	CSNK1G1	2e-31	0.041067675
51085	MLXIPL	4e-31	0.038340874
60468	BACH2	5e-31	0.026725467
8878	SQSTM1	8e-31	0.0261452
28	ABO	2.0000000000000002e-29	0.026750587
10019	SH2B3	2.0000000000000002e-29	0.14493877
93624	TADA2B	8.000000000000001e-29	0.026508568
596	BCL2	9.999999999999999e-29	0.07345633
10066	SCAMP2	1.9999999999999997e-28	0.024937721
6372	CXCL6	3e-28	0.025515465
10336	PCGF3	5e-28	0.026290674
3579	CXCR2	1e-27	0.22092772
9919	SEC16A	2e-27	0.02680425
55619	DOCK10	4e-27	0.03280758
706	TSPO	6e-26	0.024459941
165324	UBXN2A	7e-26	0.034439344
2334	AFF2	5e-25	0.019942991
317649	EIF4E3	9e-24	0.024752462
2651	GCNT2	2.0000000000000002e-23	0.022166785
154313	CFAP206	2.0000000000000002e-23	0.022386763
949	SCARB1	4.0000000000000004e-23	0.03173232
2078	ERG	2e-22	0.11430054
25853	DCAF12	4e-22	0.03207357
79722	ANKRD55	7e-22	0.03004299
1441	CSF3R	1e-21	0.021653282
11214	AKAP13	2e-21	0.02308179
9368	NHERF1	2e-21	0.02124874
54855	TENT5C	3e-21	0.028309578
23030	KDM4B	4e-21	0.025222838
9150	CTDP1	4e-21	0.021590747
9507	ADAMTS4	7e-21	0.024938678
58513	EPS15L1	4e-20	0.028523948
9487	PIGL	4e-20	0.020475443
85464	SSH2	6e-20	0.02040519
113263	GLCCI1	1e-19	0.043236952
90427	BMF	2e-19	0.022088783
1436	CSF1R	2e-19	0.026917046
1643	DDB2	2e-19	0.026400387
3570	IL6R	3e-19	0.020079639
4025	LPO	3e-19	0.08879806
4784	NFIX	8e-19	0.04417615
7813	EVI5	1e-18	0.15441376
4794	NFKBIE	1e-18	0.019700052
9792	SERTAD2	2e-18	0.022540987
6184	RPN1	5e-18	0.051576585
81704	DOCK8	5e-18	0.021167766
29957	SLC25A24	1e-17	0.019023579
10057	ABCC5	1e-17	0.019585501
80205	CHD9	2e-17	0.02042716
23514	SPIDR	2e-17	0.100638114
51742	ARID4B	3e-17	0.018980674
1669	DEFA4	4e-17	0.020049546
221037	JMJD1C	8e-17	0.01893536
6934	TCF7L2	1e-16	0.018467063
51526	OSER1	2e-16	0.020164356
284110	GSDMA	2e-16	0.021948954
3557	IL1RN	2e-16	0.018340932
115	ADCY9	3e-16	0.018284941
8698	S1PR4	5e-16	0.086825125
9744	ACAP1	5e-16	0.021415481
5937	RBMS1	5e-16	0.019347213
80339	PNPLA3	6e-16	0.021770239
22993	HMGXB3	7e-16	0.024604019
64135	IFIH1	8e-16	0.018208921
8844	KSR1	1e-15	0.0180575
284058	KANSL1	2e-15	0.01833474
9679	FAM53B	2e-15	0.019196391
57178	ZMIZ1	2e-15	0.020912074
7050	TGIF1	2e-15	0.019713653
861	RUNX1	2e-15	0.02369163
5029	P2RY2	2e-15	0.040663697
604	BCL6	3e-15	0.019697228
3117	HLA-DQA1	3e-15	0.033892684
23338	JADE2	3e-15	0.02414351
8030	CCDC6	3e-15	0.018700844
5788	PTPRC	4e-15	0.09307557
9938	ARHGAP25	4e-15	0.10534265
150365	MEI1	5e-15	0.021884728
55277	FGGY	5e-15	0.026941098
118788	PIK3AP1	5e-15	0.022641944
671	BPI	7e-15	0.028940266
3716	JAK1	8e-15	0.019049177
2323	FLT3LG	9e-15	0.030583745
1879	EBF1	1e-14	0.029192908
2687	GGT5	1e-14	0.018646376
23095	KIF1B	1e-14	0.02605106
4261	CIITA	2e-14	0.019265955
10044	SH2D3C	3e-14	0.017013883
9101	USP8	3e-14	0.051373452
125488	TTC39C	3e-14	0.021290356
7920	ABHD16A	4e-14	0.027769113
10500	SEMA6C	4e-14	0.031876426
9780	PIEZO1	5e-14	0.01986742
1435	CSF1	6e-14	0.02315784
3953	LEPR	7e-14	0.017856037
29091	STXBP6	9e-14	0.016997041
2867	FFAR2	1e-13	0.030857874
7100	TLR5	1e-13	0.033019714
114548	NLRP3	1e-13	0.017061485
29072	SETD2	1e-13	0.021781022
705	BYSL	1e-13	0.06270379
4298	MLLT1	2e-13	0.017220069
80232	WDR26	3e-13	0.02027655
372	ARCN1	3e-13	0.070958376
8877	SPHK1	3e-13	0.12719946
55777	MBD5	4e-13	0.017533392
80028	FBXL18	4e-13	0.02203393
10236	HNRNPR	4e-13	0.021228231
10393	ANAPC10	5e-13	0.016643723
2289	FKBP5	5e-13	0.017193072
3738	KCNA3	5e-13	0.021373631
196	AHR	6e-13	0.03480927
160140	C11orf65	6e-13	0.022187276
53358	SHC3	7e-13	0.043546867
8567	MADD	7e-13	0.044827726
4066	LYL1	7e-13	0.064219594
8795	TNFRSF10B	1e-12	0.016702536
719	C3AR1	1e-12	0.017163372
5325	PLAGL1	1e-12	0.028627379
25775	YWHAH-AS1	1e-12	0.017347338
30844	EHD4	1e-12	0.024657995
10301	DLEU1	1e-12	0.015820185
257106	ARHGAP30	1e-12	0.016478676
1656	DDX6	3e-12	0.022788744
64137	ABCG4	4e-12	0.016204413
4602	MYB	4e-12	0.09499479
9826	ARHGEF11	4e-12	0.017946163
22974	TPX2	5e-12	0.020048255
23609	MKRN2	5e-12	0.018509356
64333	ARHGAP9	5e-12	0.11061367
121665	SPPL3	6e-12	0.015327874
79149	ZSCAN5A	6e-12	0.017479133
57533	TBC1D14	6e-12	0.033108577
60675	PROK2	6e-12	0.020422965
1145	CHRNE	8e-12	0.016349843
729230	CCR2	8e-12	0.33037895
124245	ZC3H18	9e-12	0.015788166
4763	NF1	9e-12	0.015838439
5184	PEPD	9e-12	0.016042538
9516	LITAF	1e-11	0.0183115
79966	SCD5	1e-11	0.020273786
2313	FLI1	1e-11	0.017115375
6581	SLC22A3	2e-11	0.015319709
64116	SLC39A8	2e-11	0.02907804
23236	PLCB1	2e-11	0.014870415
55809	TRERF1	3e-11	0.06545204
10077	TSPAN32	3e-11	0.017393218
1027	CDKN1B	3e-11	0.01745116
340351	AGBL3	3e-11	0.014896054
201625	DNAH12	3e-11	0.014752974
59339	PLEKHA2	4e-11	0.016395219
7329	UBE2I	4e-11	0.016665667
8498	RANBP3	4e-11	0.014949516
124872	B4GALNT2	4e-11	0.017808799
55208	DCUN1D2	5e-11	0.016086975
7791	ZYX	7e-11	0.016179629
111	ADCY5	7e-11	0.017263675
1902	LPAR1	9e-11	0.01538528
3662	IRF4	1e-10	0.014229573
3516	RBPJ	1e-10	0.028762307
672	BRCA1	1e-10	0.022113362
63892	THADA	1e-10	0.015354442
65095	KRI1	1e-10	0.016949799
118	ADD1	1e-10	0.014415038
202243	CCDC125	1e-10	0.014497487
79026	AHNAK	1e-10	0.015634509
80230	RUFY1	2e-10	0.014690931
54838	WBP1L	2e-10	0.016314875
10466	COG5	2e-10	0.014339912
411	ARSB	2e-10	0.014143453
3717	JAK2	2e-10	0.014821793
23026	MYO16	3e-10	0.015628936
79782	LRRC31	3e-10	0.015029847
23216	TBC1D1	3e-10	0.014785351
64072	CDH23	3e-10	0.015500398
57597	BAHCC1	3e-10	0.0191472
857	CAV1	3e-10	0.0227298
2122	MECOM	3e-10	0.022885121
115653	KIR3DL3	4e-10	0.016086927
4542	MYO1F	4e-10	0.05918376
10599	SLCO1B1	4e-10	0.01877049
221895	JAZF1	4e-10	0.016179156
7090	TLE3	4e-10	0.01567084
148753	FAM163A	4e-10	0.026400061
196264	MPZL3	4e-10	0.016392559
51274	KLF3	5e-10	0.017524272
7015	TERT	5e-10	0.0138212275
92017	SNX29	5e-10	0.014034095
3205	HOXA9	6e-10	0.016883412
1396	CRIP1	7e-10	0.015884245
6487	ST3GAL3	7e-10	0.0138140395
284207	METRNL	7e-10	0.015143855
23533	PIK3R5	8e-10	0.01673255
729852	UMAD1	8e-10	0.017109007
4208	MEF2C	8e-10	0.020320598
3113	HLA-DPA1	8e-10	0.017251292
22849	CPEB3	9e-10	0.015852423
152100	CMC1	1e-09	0.017836364
342346	C16orf96	1e-09	0.016852574
8334	H2AC6	1e-09	0.016967934
6871	TADA2A	1e-09	0.013998402
10477	UBE2E3	2e-09	0.015632559
6310	ATXN1	2e-09	0.013699953
5297	PI4KA	2e-09	0.01476208
1232	CCR3	2e-09	0.015637126
1870	E2F2	2e-09	0.013854409
166	TLE5	2e-09	0.014006639
2175	FANCA	2e-09	0.022269176
63976	PRDM16	2e-09	0.017094253
7073	TIAL1	2e-09	0.04469691
65125	WNK1	3e-09	0.014790279
282809	POC1B	3e-09	0.014527931
83483	PLVAP	3e-09	0.107433625
54806	AHI1	3e-09	0.08726996
79887	PLBD1	3e-09	0.02612524
1950	EGF	3e-09	0.0135967955
7157	TP53	3e-09	0.060703274
23096	IQSEC2	4e-09	0.03935985
55421	NCBP3	4e-09	0.016170707
23001	WDFY3	4e-09	0.013622988
1317	SLC31A1	5e-09	0.014461217
5794	PTPRH	8e-09	0.016284056
473	RERE	8e-09	0.013811522
