Entrez	Gene Symbol	P-value	Beta
84870	RSPO3	1e-280	0.0751932
56776	FMN2	3e-275	0.0825742
65084	TMEM135	2e-253	0.0698379
51384	WNT16	4e-143	0.0793046
23293	SMG6	6e-143	0.0515381
2099	ESR1	9.999999999999999e-139	0.0523445
6424	SFRP4	2e-114	0.0538664
85415	RHPN2	2e-111	0.0856143
4140	MARK3	5e-104	0.0424002
8464	SUPT3H	1e-102	0.0910186
80129	CCDC170	2e-101	0.0728283
53834	FGFRL1	7.0000000000000005e-99	0.0581517
79026	AHNAK	2e-96	0.121144
358	AQP1	2e-89	0.0436084
23705	CADM1	2.9999999999999996e-76	0.0346978
7979	SEM1	1e-74	0.0386692
4041	LRP5	2e-73	0.222758
221895	JAZF1	3e-68	0.0387088
23348	DOCK9	9e-67	0.0348838
7227	TRPS1	1e-65	0.0353684
22904	SBNO2	2e-65	0.0343142
4038	LRP4	3e-63	0.0326915
219931	TPCN2	8e-62	0.031109
11098	PRSS23	9e-61	0.195749
79971	WLS	2e-59	0.0390628
9586	CREB5	2e-59	0.0346923
387755	INSC	8e-59	0.0572259
222255	ATXN7L1	7e-55	0.0303872
389170	LEKR1	4e-53	0.0378865
7482	WNT2B	4e-53	0.0394526
29	ABR	4e-53	0.030753
2037	EPB41L2	9e-50	0.0309682
54828	BCAS3	2e-48	0.04326
653	BMP5	6e-48	0.0524247
2138	EYA1	9e-47	0.0306935
2058	EPRS1	6e-45	0.0340613
23051	ZHX3	7e-45	0.0326309
168850	ZNF800	7e-45	0.0934927
5396	PRRX1	1e-44	0.025806
26059	ERC2	4e-44	0.0404805
3632	INPP5A	1e-43	0.0307252
4088	SMAD3	3e-43	0.0256494
64231	MS4A6A	1e-41	0.0254317
6934	TCF7L2	3e-41	0.0307313
9033	PKD2L1	4e-41	0.0333491
10014	HDAC5	2e-40	0.0287614
473	RERE	5e-40	0.0259872
4299	AFF1	8e-40	0.0250027
283358	B4GALNT3	3e-39	0.0247807
2139	EYA2	8.000000000000001e-39	0.0279914
5727	PTCH1	9e-39	0.0252773
80790	CMIP	2e-38	0.0241986
84316	NAA38	2e-38	0.045626
8792	TNFRSF11A	6e-38	0.0277399
182	JAG1	1e-37	0.0463014
135228	CD109	1e-37	0.0234713
23187	PHLDB1	2e-37	0.0273616
5576	PRKAR2A	3e-37	0.0470703
9423	NTN1	1e-36	0.031718
1601	DAB2	2e-36	0.0266526
9252	RPS6KA5	2e-36	0.0310889
10082	GPC6	8e-35	0.114206
3207	HOXA11	5e-34	0.0797972
55553	SOX6	1e-33	0.0259287
90025	UBE3D	2e-33	0.0240497
79948	PLPPR3	8e-33	0.0229178
2070	EYA4	8e-33	0.0221934
83478	ARHGAP24	1.9999999999999998e-32	0.0310197
55532	SLC30A10	4.999999999999999e-32	0.0223041
650	BMP2	1e-31	0.0419288
143098	MPP7	1e-31	0.0308392
6764	DENND2B	5e-31	0.0287299
84898	PLXDC2	7.0000000000000015e-31	0.0293592
652	BMP4	5.0000000000000004e-29	0.0280415
56916	SMARCAD1	7.000000000000001e-29	0.0263959
832	CAPZB	1.9999999999999997e-28	0.0205814
85461	TANC1	3e-28	0.0211363
2690	GHR	3.9999999999999994e-28	0.0204301
84133	ZNRF3	3.9999999999999994e-28	0.0249451
10801	SEPTIN9	5e-28	0.0212874
3269	HRH1	8.000000000000001e-28	0.0266977
8660	IRS2	8.000000000000001e-28	0.0217744
25791	NGEF	9e-28	0.0201148
653319	MATCAP1	1e-27	0.0625418
5151	PDE8A	2e-27	0.0453589
115	ADCY9	5e-27	0.0276209
1021	CDK6	5e-27	0.0214646
1879	EBF1	1.9999999999999998e-26	0.0275821
389400	GFRAL	1.9999999999999998e-26	0.0226177
4092	SMAD7	3e-26	0.0199009
79068	FTO	4.9999999999999996e-26	0.019986
4313	MMP2	4.9999999999999996e-26	0.0223341
4054	LTBP3	7e-26	0.0246651
64855	NIBAN2	9e-26	0.0231404
57722	IGDCC4	3e-25	0.0248059
8777	MPDZ	3e-25	0.0431446
10477	UBE2E3	3e-25	0.020724
80114	BICC1	5e-25	0.0191574
5581	PRKCE	5e-25	0.0219015
9516	LITAF	7.9999999999999985e-25	0.0198491
221178	SPATA13	7.9999999999999985e-25	0.0334372
1788	DNMT3A	3e-24	0.0197448
7709	ZBTB17	5e-24	0.0305809
148479	PHF13	6e-24	0.0195791
169981	SPIN3	8.000000000000001e-24	0.0226915
8312	AXIN1	9e-24	0.0190403
4684	NCAM1	1.0000000000000001e-23	0.0317407
5586	PKN2	1.0000000000000001e-23	0.0188777
23092	ARHGAP26	1.0000000000000001e-23	0.0256246
8091	HMGA2	2.0000000000000002e-23	0.0231749
2788	GNG7	3e-23	0.019781
54796	BNC2	6e-23	0.0231928
5909	RAP1GAP	1e-22	0.0181436
23345	SYNE1	2e-22	0.018118
6507	SLC1A3	2e-22	0.0234086
55752	SEPTIN11	2e-22	0.0244496
55297	CCDC91	8e-22	0.0212419
8611	PLPP1	1e-21	0.0305363
253461	ZBTB38	1e-21	0.0177973
26230	TIAM2	1e-21	0.0249816
558	AXL	1e-21	0.017988
3607	FOXK2	4e-21	0.0176616
56955	MEPE	4e-21	0.0257216
775	CACNA1C	6e-21	0.0241509
4255	MGMT	8e-21	0.0189836
6546	SLC8A1	1e-20	0.0221091
5915	RARB	1e-20	0.0221678
10447	FAM3C	2e-20	0.0511514
118663	BTBD16	2e-20	0.017101
27303	RBMS3	4e-20	0.0241807
6522	SLC4A2	4e-20	0.0192471
342035	GLDN	5e-20	0.019483
25827	FBXL2	6e-20	0.0858988
6340	SCNN1G	1e-19	0.0182241
7471	WNT1	1e-19	0.112609
55007	FAM118A	1e-19	0.0191834
162	AP1B1	2e-19	0.0309925
3308	HSPA4	2e-19	0.0196744
2308	FOXO1	2e-19	0.0423875
64359	NXN	2e-19	0.0180728
120114	FAT3	2e-19	0.0172034
89795	NAV3	3e-19	0.017468
1316	KLF6	4e-19	0.0169809
131405	TRIM71	5e-19	0.0165522
9902	MRC2	6e-19	0.0177336
64388	GREM2	8e-19	0.133808
2487	FRZB	8e-19	0.0186238
84708	LNX1	1e-18	0.0228576
8671	SLC4A4	1e-18	0.0251348
84444	DOT1L	1e-18	0.0166298
4627	MYH9	1e-18	0.0363772
5805	PTS	2e-18	0.0233552
57597	BAHCC1	2e-18	0.0196552
11278	KLF12	2e-18	0.0184783
23405	DICER1	3e-18	0.0286057
54751	FBLIM1	3e-18	0.0220522
317761	C14orf39	4e-18	0.0166516
83938	LRMDA	6e-18	0.0213869
121340	SP7	7e-18	0.017072
2762	GMDS	7e-18	0.0185608
440574	MICOS10	1e-17	0.0157776
9101	USP8	1e-17	0.0352912
81578	COL21A1	2e-17	0.0362672
5664	PSEN2	2e-17	0.0155933
23491	CES3	2e-17	0.0223278
4211	MEIS1	3e-17	0.0180312
23418	CRB1	3e-17	0.0158744
9722	NOS1AP	4e-17	0.0162849
1608	DGKG	5e-17	0.0169692
152485	ZNF827	5e-17	0.0158204
3976	LIF	5e-17	0.0900391
1503	CTPS1	5e-17	0.0186918
10336	PCGF3	6e-17	0.0869218
6913	TBX15	6e-17	0.0168805
92949	ADAMTSL1	6e-17	0.0588142
3237	HOXD11	6e-17	0.0174866
144608	C12orf60	7e-17	0.0157747
23389	MED13L	8e-17	0.0180998
399909	PCNX3	9e-17	0.0160437
63892	THADA	1e-16	0.0245601
84440	RAB11FIP4	1e-16	0.0160911
27115	PDE7B	1e-16	0.0233602
85377	MICALL1	1e-16	0.0162358
5430	POLR2A	1e-16	0.0160772
9489	PGS1	2e-16	0.0154141
1301	COL11A1	3e-16	0.0153855
55084	SOBP	3e-16	0.0237645
26052	DNM3	3e-16	0.0201441
9701	PPP6R2	4e-16	0.0161576
162282	ANKFN1	5e-16	0.016589
5468	PPARG	5e-16	0.0153392
84251	SGIP1	6e-16	0.0163985
10867	TSPAN9	6e-16	0.0151563
79927	FAM110D	7e-16	0.0157956
324	APC	7e-16	0.0149506
4093	SMAD9	7e-16	0.0174762
144347	RFLNA	9e-16	0.0152876
54878	DPP8	1e-15	0.0544394
51477	ISYNA1	1e-15	0.0154134
54361	WNT4	2e-15	0.0275037
9780	PIEZO1	2e-15	0.0155231
3672	ITGA1	2e-15	0.028042
2796	GNRH1	2e-15	0.0169969
3700	ITIH4	2e-15	0.0185976
129852	C2orf73	3e-15	0.0174816
9867	PJA2	3e-15	0.0148118
25814	ATXN10	3e-15	0.0367188
3728	JUP	3e-15	0.0687204
6307	MSMO1	4e-15	0.015898
4784	NFIX	4e-15	0.0383698
10371	SEMA3A	4e-15	0.0187487
7077	TIMP2	4e-15	0.0154397
84456	L3MBTL3	5e-15	0.0167935
63876	PKNOX2	6e-15	0.0146179
8600	TNFSF11	6e-15	0.043973
6604	SMARCD3	6e-15	0.0143955
79974	CPED1	7e-15	0.0246306
10529	NEBL	7e-15	0.0146505
9889	ZBED4	8e-15	0.022861
389072	PLEKHM3	9e-15	0.029435
253827	MSRB3	9e-15	0.0154664
6462	SHBG	1e-14	0.0870928
4223	MEOX2	1e-14	0.016773
57520	HECW2	1e-14	0.0174532
56311	ANKRD7	1e-14	0.0387247
201163	FLCN	1e-14	0.0143663
25865	PRKD2	1e-14	0.0208319
463	ZFHX3	2e-14	0.0144254
128710	SLX4IP	2e-14	0.0157694
4772	NFATC1	2e-14	0.0239493
377	ARF3	2e-14	0.0439035
8313	AXIN2	3e-14	0.0141884
153129	SLC38A9	3e-14	0.0344123
596	BCL2	4e-14	0.0141786
9112	MTA1	4e-14	0.0168721
4836	NMT1	5e-14	0.0140202
6776	STAT5A	5e-14	0.0151283
10644	IGF2BP2	5e-14	0.0149742
5467	PPARD	5e-14	0.0375937
2043	EPHA4	6e-14	0.0138016
64399	HHIP	6e-14	0.0140912
341019	DCDC1	6e-14	0.0147345
340419	RSPO2	6e-14	0.0229777
55504	TNFRSF19	7e-14	0.0217119
8038	ADAM12	7e-14	0.0142624
8462	KLF11	8e-14	0.0169153
667	DST	8e-14	0.0311196
11011	TLK2	9e-14	0.0339168
5324	PLAG1	9e-14	0.0205467
10783	NEK6	9e-14	0.0143401
201501	ZBTB7C	1e-13	0.0143226
56995	TULP4	1e-13	0.0290676
84627	ZNF469	1e-13	0.014161
7477	WNT7B	1e-13	0.140226
6711	SPTBN1	1e-13	0.0182739
283078	MKX	1e-13	0.059258
91768	CABLES1	2e-13	0.016697
5890	RAD51B	2e-13	0.0184721
3425	IDUA	2e-13	0.0326323
60487	TRMT11	2e-13	0.0151304
861	RUNX1	2e-13	0.0143743
389421	LIN28B	3e-13	0.0133593
171425	CLYBL	3e-13	0.0226619
10794	ZNF460	3e-13	0.0136036
114793	FMNL2	3e-13	0.0151194
23245	ASTN2	3e-13	0.0152751
644150	WIPF3	3e-13	0.0173832
23090	ZNF423	4e-13	0.0141303
7049	TGFBR3	4e-13	0.0137754
84701	COX4I2	4e-13	0.0169772
4010	LMX1B	4e-13	0.013909
83439	TCF7L1	5e-13	0.0133231
254251	LCORL	5e-13	0.0151388
7068	THRB	6e-13	0.013671
84803	GPAT3	6e-13	0.0197475
27106	ARRDC2	8e-13	0.0161005
5195	PEX14	9e-13	0.017219
8522	GAS7	9e-13	0.0133014
55833	UBAP2	9e-13	0.0133146
10395	DLC1	1e-12	0.0175174
220929	ZNF438	1e-12	0.017058
7042	TGFB2	1e-12	0.0170716
10599	SLCO1B1	1e-12	0.0179174
23566	LPAR3	1e-12	0.0232058
23191	CYFIP1	1e-12	0.0180226
9060	PAPSS2	1e-12	0.0134668
151056	PLB1	1e-12	0.0135243
9710	GARRE1	2e-12	0.0268582
10312	TCIRG1	2e-12	0.0280331
462	SERPINC1	2e-12	0.0206117
54464	XRN1	2e-12	0.0192047
2296	FOXC1	2e-12	0.0130097
100507436	MICA	2e-12	0.0328311
3646	EIF3E	2e-12	0.0134433
167838	TXLNB	2e-12	0.0174145
143187	VTI1A	3e-12	0.0134902
4782	NFIC	3e-12	0.0165327
57492	ARID1B	3e-12	0.0170034
9792	SERTAD2	3e-12	0.0129096
1739	DLG1	3e-12	0.0143342
29904	EEF2K	3e-12	0.0257489
9043	SPAG9	3e-12	0.0129021
283383	ADGRD1	3e-12	0.0144124
7332	UBE2L3	4e-12	0.0162822
5795	PTPRJ	4e-12	0.0185212
94240	EPSTI1	4e-12	0.0129997
256815	C10orf67	4e-12	0.012884
125228	FAM210A	5e-12	0.023546
80206	FHOD3	5e-12	0.0406549
2067	ERCC1	5e-12	0.0143241
8224	SYN3	5e-12	0.0184606
89796	NAV1	6e-12	0.016016
5691	PSMB3	6e-12	0.0128461
157680	VPS13B	8e-12	0.019038
55660	PRPF40A	9e-12	0.0167778
57706	DENND1A	9e-12	0.0320745
51257	MARCHF2	1e-11	0.0136393
340156	MYLK4	1e-11	0.0125953
1232	CCR3	1e-11	0.0130147
80014	WWC2	1e-11	0.0146665
90488	TMEM263	1e-11	0.0125798
643376	BTBD18	1e-11	0.153716
79901	CYBRD1	2e-11	0.0143209
359948	IRF2BP2	2e-11	0.0138896
9938	ARHGAP25	2e-11	0.0132771
249	ALPL	2e-11	0.026478
387104	MTCL3	2e-11	0.0129366
7597	ZBTB25	2e-11	0.0131662
53405	CLIC5	2e-11	0.0124271
1780	DYNC1I1	2e-11	0.0128737
23499	MACF1	2e-11	0.0144523
27332	ZNF638	2e-11	0.0124535
30001	ERO1A	2e-11	0.0206861
6793	STK10	2e-11	0.0126524
83986	FAM234A	2e-11	0.0606642
9727	RAB11FIP3	3e-11	0.0435864
55843	ARHGAP15	3e-11	0.0127899
2030	SLC29A1	3e-11	0.0371907
116986	AGAP2	4e-11	0.0166971
140766	ADAMTS14	4e-11	0.0216129
11228	RASSF8	4e-11	0.0123184
53335	BCL11A	4e-11	0.0160955
6299	SALL1	5e-11	0.0426183
80777	CYB5B	5e-11	0.0279952
59269	HIVEP3	5e-11	0.0216984
55366	LGR4	6e-11	0.0386246
1112	FOXN3	7e-11	0.0147411
26156	RSL1D1	8e-11	0.0143757
30844	EHD4	8e-11	0.0121872
687	KLF9	8e-11	0.0128128
9394	HS6ST1	8e-11	0.0120606
115509	ZNF689	9e-11	0.012077
83660	TLN2	1e-10	0.0206876
6660	SOX5	1e-10	0.0210732
111	ADCY5	1e-10	0.0138095
26040	SETBP1	1e-10	0.0201714
6925	TCF4	1e-10	0.0119091
338773	TMEM119	1e-10	0.0364832
23514	SPIDR	1e-10	0.0332077
57710	KIAA1614	1e-10	0.0129343
4593	MUSK	1e-10	0.0121918
392636	AGMO	1e-10	0.0166789
92344	GORAB	1e-10	0.0118007
81704	DOCK8	1e-10	0.0125523
7003	TEAD1	2e-10	0.0197423
3680	ITGA9	2e-10	0.0163183
6783	SULT1E1	2e-10	0.0128337
10725	NFAT5	2e-10	0.0134247
9638	FEZ1	2e-10	0.0180824
1952	CELSR2	2e-10	0.014155
93663	ARHGAP18	2e-10	0.0136101
643136	ZC3H11B	2e-10	0.0232038
131669	UROC1	2e-10	0.0146855
84159	ARID5B	3e-10	0.0119094
8085	KMT2D	3e-10	0.0301903
3751	KCND2	3e-10	0.0413973
6687	SPG7	3e-10	0.0117194
3702	ITK	3e-10	0.0116124
90167	FRMD7	3e-10	0.0135371
6442	SGCA	3e-10	0.0126698
57460	PPM1H	3e-10	0.0189818
5116	PCNT	4e-10	0.0116839
100289678	ZNF783	4e-10	0.0225623
54899	PXK	4e-10	0.060833
57210	SLC45A4	4e-10	0.0131432
6468	FBXW4	5e-10	0.0332865
167465	ZNF366	5e-10	0.0144187
4669	NAGLU	5e-10	0.0265501
4892	NRAP	5e-10	0.0116056
4289	MKLN1	5e-10	0.0143005
3993	LLGL2	5e-10	0.0119237
5987	TRIM27	5e-10	0.148497
3516	RBPJ	5e-10	0.0118894
2013	EMP2	5e-10	0.0117175
56963	RGMA	6e-10	0.0143847
23531	MMD	6e-10	0.0115785
138639	PTPDC1	6e-10	0.0699826
2201	FBN2	6e-10	0.0189858
7518	XRCC4	6e-10	0.0115842
23161	SNX13	6e-10	0.011303
219855	SLC37A2	7e-10	0.0118815
10461	MERTK	7e-10	0.0123151
6006	RHCE	7e-10	0.0113471
85379	KIAA1671	7e-10	0.0150223
160335	TMTC2	7e-10	0.0186798
11174	ADAMTS6	8e-10	0.0114875
55692	LUC7L	8e-10	0.0753663
55130	ODAD2	8e-10	0.015673
98	ACYP2	8e-10	0.0130684
6788	STK3	8e-10	0.0270117
64093	SMOC1	9e-10	0.0143989
92017	SNX29	9e-10	0.0124228
8170	SLC14A2	9e-10	0.0158799
312	ANXA13	1e-09	0.0116491
10190	TXNDC9	1e-09	0.0125183
23049	SMG1	1e-09	0.0198706
80031	SEMA6D	1e-09	0.015964
84267	QNG1	1e-09	0.0137275
5990	RFX2	1e-09	0.0187851
54790	TET2	1e-09	0.015853
126695	KDF1	1e-09	0.0376245
79758	DHRS12	1e-09	0.014911
80315	CPEB4	1e-09	0.0121868
81929	SEH1L	1e-09	0.0186453
64798	DEPTOR	1e-09	0.0120061
22978	NT5C2	2e-09	0.0160579
11155	LDB3	2e-09	0.020921
26133	TRPC4AP	2e-09	0.0161892
257194	NEGR1	2e-09	0.0126144
10021	HCN4	2e-09	0.019656
10998	SLC27A5	2e-09	0.0151288
10365	KLF2	2e-09	0.0113738
1108	CHD4	2e-09	0.0142951
204851	HIPK1	2e-09	0.011062
6916	TBXAS1	2e-09	0.0111358
388630	TRABD2B	2e-09	0.0117662
9620	CELSR1	2e-09	0.0253644
344558	SH3RF3	2e-09	0.0110136
57623	ZFAT	2e-09	0.0113191
11183	MAP4K5	2e-09	0.0224927
11021	RAB35	2e-09	0.0198994
9590	AKAP12	2e-09	0.225037
94027	CGB7	3e-09	0.0110748
23201	FAM168A	3e-09	0.0144834
4850	CNOT4	3e-09	0.0119115
223117	SEMA3D	3e-09	0.0113758
4774	NFIA	3e-09	0.022789
171024	SYNPO2	3e-09	0.0243093
9826	ARHGEF11	3e-09	0.0108888
22807	IKZF2	3e-09	0.0109335
57602	USP36	3e-09	0.0140938
29945	ANAPC4	3e-09	0.012939
7627	ZNF75A	4e-09	0.0124687
79188	TMEM43	4e-09	0.0285807
5789	PTPRD	4e-09	0.0125623
7455	ZAN	4e-09	0.0297719
6854	SYN2	4e-09	0.0255479
4154	MBNL1	4e-09	0.0108875
23052	ENDOD1	4e-09	0.0117704
84230	LRRC8C	4e-09	0.0127126
8613	PLPP3	5e-09	0.0107656
658	BMPR1B	5e-09	0.0122615
23140	ZZEF1	5e-09	0.0139172
23406	COTL1	5e-09	0.0108352
2108	ETFA	6e-09	0.0119617
2195	FAT1	6e-09	0.0155842
54461	FBXW5	6e-09	0.0783293
411	ARSB	6e-09	0.0113287
3667	IRS1	6e-09	0.0194946
3693	ITGB5	6e-09	0.0132847
125	ADH1B	6e-09	0.0360185
