Entrez	Gene Symbol	P-value	Beta
23495	TNFRSF13B	1e-288	0.1038
2217	FCGRT	4.0000000000000004e-171	0.0847
3119	HLA-DQB1	7.999999999999999e-142	0.0773
7187	TRAF3	8e-87	0.0425
2646	GCKR	9e-85	0.0414
5265	SERPINA1	5.9999999999999996e-55	0.1393
29886	SNX8	5.999999999999999e-54	0.3141
3083	HGFAC	7e-50	0.0319
596	BCL2	1e-41	0.0357
79722	ANKRD55	2e-37	0.0387
3899	AFF3	3e-35	0.0266
640	BLK	4e-33	0.0281
10019	SH2B3	6e-32	0.1688
22936	ELL2	7e-32	0.0274
83439	TCF7L1	2e-31	0.0262
10673	TNFSF13B	3e-30	0.1069
4170	MCL1	6e-30	0.0294
2322	FLT3	1.0000000000000001e-29	0.1296
54899	PXK	2.0000000000000002e-29	0.0294
7090	TLE3	2e-27	0.0232
4217	MAP3K5	6e-27	0.0228
10274	STAG1	6e-27	0.0285
60468	BACH2	7e-27	0.0282
731220	RFX8	9.999999999999999e-27	0.023
51174	TUBD1	9.999999999999999e-27	0.0272
5468	PPARG	1.9999999999999998e-26	0.0386
150280	HORMAD2	3.9999999999999996e-26	0.0247
6480	ST6GAL1	1.0000000000000001e-23	0.0213
9919	SEC16A	2.0000000000000002e-23	0.0252
23102	TBC1D2B	5e-23	0.0273
1373	CPS1	2e-22	0.0235
5922	RASA2	6e-22	0.0492
9474	ATG5	6e-21	0.0274
25780	RASGRP3	2e-20	0.0334
10788	IQGAP2	5e-20	0.0552
1284	COL4A2	7e-20	0.0212
2444	FRK	9e-19	0.0192
165918	RNF168	2e-18	0.0196
1435	CSF1	6e-18	0.0237
6688	SPI1	2e-17	0.018
23526	ARHGAP45	3e-17	0.0396
22806	IKZF3	6e-17	0.0574
51341	ZBTB7A	3e-16	0.0224
3559	IL2RA	3e-16	0.0368
388650	DIPK1A	6e-16	0.0357
92745	SLC38A5	7e-16	0.0426
116985	ARAP1	7e-16	0.0192
3672	ITGA1	1e-15	0.0273
3609	ILF3	1e-15	0.0174
28	ABO	2e-15	0.0264
7015	TERT	2e-15	0.0196
54620	FBXL19	2e-15	0.0214
57210	SLC45A4	2e-15	0.0184
6660	SOX5	4e-15	0.0191
5184	PEPD	5e-15	0.017
3075	CFH	8e-15	0.0194
6239	RREB1	1e-14	0.023
4301	AFDN	2e-14	0.0277
30011	SH3KBP1	3e-14	0.0227
100507650	RNF212B	3e-14	0.0207
9874	TLK1	3e-14	0.0184
254102	EHBP1L1	4e-14	0.0195
896	CCND3	4e-14	0.0169
23505	TMEM131	7e-14	0.0198
23499	MACF1	8e-14	0.0197
57523	NYNRIN	1e-13	0.0182
81575	APOLD1	2e-13	0.0162
23118	TAB2	2e-13	0.0261
23365	ARHGEF12	3e-13	0.023
1601	DAB2	3e-13	0.0186
23317	DNAJC13	4e-13	0.0401
1879	EBF1	5e-13	0.0224
84162	BLTP1	8e-13	0.0175
147372	CCBE1	1e-12	0.0173
5314	PKHD1	2e-12	0.0151
7529	YWHAB	2e-12	0.0222
55909	BIN3	3e-12	0.0159
8491	MAP4K3	4e-12	0.0191
81846	SBF2	6e-12	0.0195
6231	RPS26	6e-12	0.0154
50939	IMPG2	6e-12	0.0153
11183	MAP4K5	8e-12	0.033
10581	IFITM2	1e-11	0.0172
8939	FUBP3	1e-11	0.0147
114908	TMEM123	1e-11	0.0755
29072	SETD2	1e-11	0.0174
387882	C12orf75	2e-11	0.0144
4792	NFKBIA	2e-11	0.0147
7091	TLE4	2e-11	0.028
8085	KMT2D	3e-11	0.0143
84441	MAML2	3e-11	0.0354
8626	TP63	3e-11	0.0234
25981	DNAH1	4e-11	0.0139
3822	KLRC2	4e-11	0.019
6238	RRBP1	5e-11	0.0141
79705	LRRK1	6e-11	0.0139
93349	SP140L	6e-11	0.0167
10599	SLCO1B1	8e-11	0.019
5774	PTPN3	1e-10	0.017
23161	SNX13	1e-10	0.0137
947	CD34	1e-10	0.0176
5310	PKD1	2e-10	0.0314
1436	CSF1R	2e-10	0.0147
7543	ZFX	3e-10	0.0161
8527	DGKD	3e-10	0.0209
23274	CLEC16A	4e-10	0.016
8942	KYNU	5e-10	0.0233
4775	NFATC3	5e-10	0.0225
7462	LAT2	5e-10	0.0244
26032	SUSD5	5e-10	0.0208
6310	ATXN1	6e-10	0.0134
1021	CDK6	6e-10	0.0172
11143	KAT7	6e-10	0.0208
9746	CLSTN3	7e-10	0.0151
26133	TRPC4AP	7e-10	0.0167
27044	SND1	9e-10	0.0165
11030	RBPMS	1e-09	0.0162
638	BIK	1e-09	0.0208
7375	USP4	1e-09	0.0155
9785	DHX38	2e-09	0.0194
651746	ANKRD33B	2e-09	0.0141
2099	ESR1	2e-09	0.0148
861	RUNX1	2e-09	0.0135
23435	TARDBP	3e-09	0.0152
142	PARP1	3e-09	0.0153
9315	NREP	4e-09	0.0173
57553	MICAL3	4e-09	0.0164
23060	ZNF609	5e-09	0.0232
9411	ARHGAP29	6e-09	0.0258
9641	IKBKE	7e-09	0.0207
9489	PGS1	7e-09	0.0155
10493	VAT1	7e-09	0.015
2260	FGFR1	8e-09	0.0138
51196	PLCE1	8e-09	0.0146
6541	SLC7A1	9e-09	0.0255
7292	TNFSF4	1e-08	0.0148
55732	FIRRM	1e-08	0.0149
23092	ARHGAP26	1e-08	0.0145
8202	NCOA3	1e-08	0.0204
81035	COLEC12	1e-08	0.0169
54622	ARL15	1e-08	0.0131
79648	MCPH1	1e-08	0.0125
5801	PTPRR	1e-08	0.0299
23603	CORO1C	2e-08	0.012
6934	TCF7L2	2e-08	0.012
55970	GNG12	2e-08	0.017
10973	ASCC3	2e-08	0.0129
56987	BBX	2e-08	0.0133
81928	CABLES2	2e-08	0.0167
60490	PPCDC	2e-08	0.0155
6928	HNF1B	2e-08	0.0156
593	BCKDHA	2e-08	0.0136
9145	SYNGR1	2e-08	0.0148
1468	SLC25A10	3e-08	0.019
54768	HYDIN	3e-08	0.0296
219654	ZCCHC24	3e-08	0.0154
6521	SLC4A1	4e-08	0.0126
9644	SH3PXD2A	4e-08	0.0139
55567	DNAH3	4e-08	0.0116
8780	RIOK3	4e-08	0.0153
245972	ATP6V0D2	4e-08	0.0173
942	CD86	4e-08	0.0133
9104	RGN	4e-08	0.0104
100505478	TEX48	5e-08	0.0169
