Entrez	Gene Symbol	P-value	Beta
10767	HBS1L	0.0	0.1443
896	CCND3	2e-249	0.0681
7036	TFR2	9e-231	0.0613
51422	PRKAG2	2e-108	0.0501
10320	IKZF1	7e-100	0.0372
10171	RCL1	5e-95	0.0404
4137	MAPT	1e-93	0.0399
3098	HK1	2e-87	0.0646
7015	TERT	4e-74	0.0334
6911	TBX6	6e-72	0.0316
25893	TRIM58	1e-67	0.033
11322	TMC6	3e-59	0.0352
81846	SBF2	7e-56	0.0333
3117	HLA-DQA1	7e-51	0.0361
9415	FADS2	2.0000000000000003e-49	0.0263
23139	MAST2	4.0000000000000005e-49	0.0256
775	CACNA1C	1e-48	0.0263
9882	TBC1D4	1e-48	0.038
545	ATR	3e-48	0.0253
84747	UNC119B	9e-48	0.0293
23228	PLCL2	2e-46	0.0594
5629	PROX1	4e-43	0.0264
7477	WNT7B	6e-43	0.0254
54878	DPP8	3e-39	0.0254
23039	XPO7	1e-37	0.0281
57619	SHROOM3	3e-34	0.022
114818	KLHL29	5e-34	0.0359
160140	C11orf65	4e-33	0.0208
23205	ACSBG1	9.999999999999999e-33	0.0208
6667	SP1	7e-32	0.0262
6764	DENND2B	4.0000000000000003e-29	0.0211
8031	NCOA4	5e-28	0.041
114926	SMIM19	1e-27	0.0232
2762	GMDS	2e-27	0.0191
596	BCL2	6e-27	0.0647
57479	PRR12	5e-25	0.0219
5890	RAD51B	2.0000000000000002e-23	0.0263
27086	FOXP1	3e-22	0.0234
7227	TRPS1	6e-22	0.0173
132660	LIN54	2e-21	0.0211
3062	HCRTR2	3e-21	0.0624
53349	ZFYVE1	4e-21	0.0179
5468	PPARG	4e-21	0.0226
84517	ACTRT3	1e-20	0.0179
9052	GPRC5A	2e-20	0.0263
7157	TP53	3e-20	0.0862
1188	CLCNKB	3e-20	0.0169
64116	SLC39A8	2e-19	0.0349
388588	SMIM1	3e-19	0.022
23026	MYO16	4e-19	0.0158
55193	PBRM1	5e-19	0.0153
9839	ZEB2	5e-19	0.048
54986	ULK4	8e-19	0.0216
4299	AFF1	1e-18	0.0154
1021	CDK6	1e-18	0.0161
51272	BET1L	1e-18	0.03
140688	NOL4L	1e-18	0.0196
493	ATP2B4	2e-18	0.03
5586	PKN2	2e-18	0.0153
6453	ITSN1	3e-18	0.0153
7704	ZBTB16	3e-18	0.0164
57666	FBRSL1	4e-18	0.0212
26227	PHGDH	6e-18	0.0178
51312	SLC25A37	7e-18	0.0174
84870	RSPO3	3e-17	0.0144
10293	TRAIP	3e-17	0.0185
29842	TFCP2L1	4e-17	0.0248
26234	FBXL5	5e-17	0.018
2766	GMPR	6e-17	0.0162
29125	C11orf21	9e-17	0.0266
440275	EIF2AK4	1e-16	0.0217
2972	BRF1	2e-16	0.0164
3172	HNF4A	1e-15	0.0439
80315	CPEB4	1e-15	0.0143
55212	BBS7	3e-15	0.0138
65003	MRPL11	4e-15	0.0137
10055	SAE1	4e-15	0.0183
145282	MIPOL1	4e-15	0.0143
23232	TBC1D12	5e-15	0.0141
26993	AKAP8L	6e-15	0.0396
84888	SPPL2A	6e-15	0.0183
128368	OR10Z1	9e-15	0.0145
92521	SPECC1	1e-14	0.0142
5207	PFKFB1	1e-14	0.161
164656	TMPRSS6	1e-14	0.0133
368	ABCC6	2e-14	0.0481
54855	TENT5C	2e-14	0.0178
10477	UBE2E3	2e-14	0.0139
11183	MAP4K5	2e-14	0.0299
54899	PXK	2e-14	0.0157
137682	NDUFAF6	2e-14	0.0186
64420	SUSD1	4e-14	0.0157
90355	MACIR	5e-14	0.0138
27158	NDOR1	5e-14	0.0195
9180	OSMR	6e-14	0.0205
26052	DNM3	7e-14	0.0159
10217	CTDSPL	7e-14	0.0243
3899	AFF3	8e-14	0.0159
48	ACO1	9e-14	0.0133
23095	KIF1B	1e-13	0.0381
26100	WIPI2	2e-13	0.0214
2078	ERG	2e-13	0.0155
55666	NPLOC4	3e-13	0.0152
63925	ZNF335	3e-13	0.0189
57140	RNPEPL1	3e-13	0.0217
79991	STN1	4e-13	0.0427
25900	IFFO1	4e-13	0.0153
1906	EDN1	5e-13	0.0161
8850	KAT2B	5e-13	0.0131
5792	PTPRF	6e-13	0.0134
57492	ARID1B	6e-13	0.0137
1870	E2F2	8e-13	0.0136
861	RUNX1	9e-13	0.0245
374618	TEX9	9e-13	0.0123
64919	BCL11B	1e-12	0.0131
4092	SMAD7	1e-12	0.0123
7436	VLDLR	2e-12	0.0124
252983	STXBP4	2e-12	0.0144
343099	CCDC18	3e-12	0.0125
84133	ZNRF3	3e-12	0.0124
84456	L3MBTL3	3e-12	0.0155
3768	KCNJ12	4e-12	0.0125
81027	TUBB1	6e-12	0.0257
54914	FOCAD	8e-12	0.0138
51168	MYO15A	1e-11	0.0132
90627	STARD13	1e-11	0.0128
406	BMAL1	1e-11	0.012
22894	DIS3	1e-11	0.1144
342184	FMN1	1e-11	0.0167
4193	MDM2	2e-11	0.012
767	CA8	2e-11	0.0124
57669	EPB41L5	2e-11	0.0325
63931	MRPS14	2e-11	0.0118
1373	CPS1	3e-11	0.0131
196528	ARID2	3e-11	0.0136
1488	CTBP2	3e-11	0.0115
11177	BAZ1A	4e-11	0.0224
7398	USP1	5e-11	0.0116
9792	SERTAD2	7e-11	0.0114
8022	LHX3	7e-11	0.0117
55697	VAC14	9e-11	0.0283
51251	NT5C3A	9e-11	0.0143
5771	PTPN2	1e-10	0.0164
8609	KLF7	1e-10	0.0122
23492	CBX7	2e-10	0.011
3822	KLRC2	2e-10	0.02
7328	UBE2H	2e-10	0.0194
10580	SORBS1	3e-10	0.0109
1032	CDKN2D	3e-10	0.1919
8672	EIF4G3	3e-10	0.0134
55006	TRMT61B	3e-10	0.012
28982	FLVCR1	3e-10	0.0139
51366	UBR5	3e-10	0.0108
54617	INO80	3e-10	0.0178
55634	KRBOX4	4e-10	0.0117
64397	ZNF106	4e-10	0.0164
57337	SENP7	4e-10	0.0115
84923	VCF1	4e-10	0.0128
254394	MCM9	4e-10	0.0134
90865	IL33	5e-10	0.0261
58499	ZNF462	5e-10	0.0131
55701	ARHGEF40	5e-10	0.0163
150223	YDJC	6e-10	0.0125
3174	HNF4G	7e-10	0.0105
60468	BACH2	7e-10	0.0132
9816	URB2	8e-10	0.0113
8545	CGGBP1	1e-09	0.0172
3672	ITGA1	1e-09	0.0169
3360	HTR4	1e-09	0.0115
11214	AKAP13	1e-09	0.0118
64393	ZMAT3	2e-09	0.0113
55671	PPP4R3A	2e-09	0.0103
6184	RPN1	2e-09	0.0114
94	ACVRL1	2e-09	0.0141
1398	CRK	2e-09	0.011
84665	MYPN	2e-09	0.0132
8462	KLF11	2e-09	0.0106
142	PARP1	2e-09	0.0128
440590	ZYG11A	2e-09	0.0108
55691	FRMD4A	3e-09	0.011
9351	NHERF2	3e-09	0.0731
26053	AUTS2	3e-09	0.0122
830	CAPZA2	3e-09	0.0115
79000	AUNIP	3e-09	0.0121
9249	DHRS3	3e-09	0.0112
4301	AFDN	4e-09	0.0107
79731	NARS2	4e-09	0.0122
6095	RORA	5e-09	0.0104
51592	TRIM33	5e-09	0.0136
129285	PPP1R21	5e-09	0.0191
23250	ATP11A	5e-09	0.0201
83860	TAF3	6e-09	0.0106
3993	LLGL2	6e-09	0.0116
3632	INPP5A	6e-09	0.0116
659	BMPR2	8e-09	0.0179
4026	LPP	8e-09	0.0101
23082	PPRC1	9e-09	0.096
1981	EIF4G1	1e-08	0.014
23185	LARP4B	1e-08	0.0219
221037	JMJD1C	1e-08	0.0098
5230	PGK1	1e-08	0.0093
29886	SNX8	1e-08	0.0942
22852	ANKRD26	1e-08	0.0119
256643	BCLAF3	1e-08	0.0127
353088	ZNF429	1e-08	0.0098
11011	TLK2	1e-08	0.0105
1145	CHRNE	1e-08	0.0167
130132	RFTN2	1e-08	0.0125
80114	BICC1	2e-08	0.0097
93349	SP140L	2e-08	0.0157
128710	SLX4IP	2e-08	0.0131
9289	ADGRG1	2e-08	0.0109
117247	SLC16A10	2e-08	0.0127
51668	IFT25	2e-08	0.0097
23429	RYBP	2e-08	0.0117
7424	VEGFC	2e-08	0.0157
665	BNIP3L	2e-08	0.0108
2658	GDF2	2e-08	0.0128
841	CASP8	2e-08	0.0139
92745	SLC38A5	2e-08	0.0241
22877	MLXIP	2e-08	0.0096
196385	DNAH10	2e-08	0.0123
284	ANGPT1	2e-08	0.0098
7298	TYMS	3e-08	0.0125
83938	LRMDA	3e-08	0.0113
79856	SNX22	3e-08	0.0138
51142	CHCHD2	3e-08	0.0113
23387	SIK3	3e-08	0.0122
4036	LRP2	4e-08	0.0104
64123	ADGRL4	4e-08	0.0207
79822	ARHGAP28	4e-08	0.0153
51741	WWOX	5e-08	0.0104
