Entrez	Gene Symbol	P-value	Beta
4023	LPL	0.0	0.133707
8854	ALDH1A2	0.0	0.101129
8882	ZPR1	1e-311	0.105482
9388	LIPG	4e-269	0.291004
9688	NUP93	2e-235	0.106785
19	ABCA1	3.9999999999999996e-222	0.0687851
146894	CD300LG	2.0000000000000002e-212	0.170535
2590	GALNT2	9e-205	0.0596767
51129	ANGPTL4	6e-195	0.206057
348	APOE	7e-180	0.0754686
3172	HNF4A	1e-140	0.139041
338	APOB	4e-140	0.0592929
64116	SLC39A8	2e-108	0.0801624
4607	MYBPC3	1e-106	0.0446282
949	SCARB1	3e-90	0.0415939
5681	PSKH1	3e-88	0.0588019
158219	TTC39B	1e-73	0.0497684
80790	CMIP	2e-73	0.0372895
57678	GPAM	3e-64	0.0361015
7227	TRPS1	3e-61	0.0317165
8843	HCAR3	1e-58	0.0377999
1071	CETP	1e-58	0.0975026
9489	PGS1	2.9999999999999995e-54	0.0296327
7158	TP53BP1	2e-51	0.0904093
10948	STARD3	2e-51	0.0305637
22837	COBLL1	8e-46	0.0276526
23161	SNX13	4e-44	0.0271383
3626	INHBC	6e-43	0.0305532
64771	ILRUN	8e-43	0.0272844
7332	UBE2L3	2e-41	0.0328809
64757	MTARC1	2e-40	0.027676
220972	MARCHF8	5e-38	0.0287591
1952	CELSR2	2e-36	0.0288626
283446	MYO1H	1e-35	0.0237446
7423	VEGFB	3e-34	0.0564659
221955	DAGLB	3e-33	0.0257631
10180	RBM6	7e-32	0.0224418
80208	SPG11	2.0000000000000002e-29	0.0695504
5184	PEPD	3e-29	0.023726
583	BBS2	9.999999999999999e-29	0.0944212
55959	SULF2	3.9999999999999994e-28	0.0259714
2119	ETV5	8.000000000000001e-28	0.030283
4645	MYO5B	9.999999999999999e-27	0.0300608
84870	RSPO3	1.9999999999999998e-26	0.0474304
8398	PLA2G6	1.9999999999999998e-26	0.0205714
84310	C7orf50	3e-26	0.0204688
23042	PDXDC1	5e-25	0.0213868
9479	MAPK8IP1	1.0000000000000001e-23	0.0400385
10221	TRIB1	2.0000000000000002e-23	0.0441541
51090	PLLP	5e-23	0.0186404
11188	NISCH	9.000000000000001e-23	0.0238894
134359	POC5	2e-22	0.0190204
896	CCND3	4e-22	0.0214656
55823	VPS11	2e-21	0.0184897
28	ABO	3e-21	0.0232183
29956	CERS2	1e-20	0.0214169
754	PTTG1IP	2e-20	0.0177558
1373	CPS1	3e-20	0.0188663
7168	TPM1	3e-20	0.0177746
91748	MIDEAS	6e-20	0.0198078
26133	TRPC4AP	1e-18	0.0168562
5468	PPARG	1e-18	0.0524164
8883	NAE1	2e-18	0.0351642
29887	SNX10	3e-18	0.0166792
1609	DGKQ	7e-18	0.0165672
84765	ZNF577	8e-18	0.0172509
6484	ST3GAL4	8e-18	0.0316396
1374	CPT1A	1e-17	0.017594
4864	NPC1	3e-17	0.0161055
1608	DGKG	3e-17	0.0167646
2444	FRK	6e-17	0.016256
57121	LPAR5	1e-16	0.0205218
6238	RRBP1	1e-16	0.0218615
80820	EEPD1	1e-16	0.0160456
26	AOC1	2e-16	0.0171783
54971	BANP	5e-16	0.0154267
57178	ZMIZ1	5e-16	0.0156745
11144	DMC1	5e-16	0.0162347
51588	PIAS4	6e-16	0.0179113
646424	SPINK8	7e-16	0.0618713
9344	TAOK2	7e-16	0.0152578
10400	PEMT	1e-15	0.0331001
5002	SLC22A18	1e-15	0.0263539
28983	TMPRSS11E	4e-15	0.0158975
23243	ANKRD28	4e-15	0.0159709
83694	RPS6KL1	6e-15	0.0150509
55275	VPS53	6e-15	0.0188322
10695	CNPY3	8e-15	0.0147886
8856	NR1I2	9e-15	0.0299853
23518	R3HDM1	1e-14	0.0167703
10613	ERLIN1	1e-14	0.0147529
25816	TNFAIP8	2e-14	0.0164773
79068	FTO	2e-14	0.0146221
730005	SEC14L6	2e-14	0.0171815
3119	HLA-DQB1	3e-14	0.0152666
79026	AHNAK	3e-14	0.0149781
5962	RDX	4e-14	0.0157423
3069	HDLBP	4e-14	0.0150125
79613	TANGO6	5e-14	0.0360604
10466	COG5	8e-14	0.0170398
54622	ARL15	1e-13	0.0300143
2138	EYA1	2e-13	0.0259348
80709	AKNA	2e-13	0.0140592
3643	INSR	2e-13	0.0141168
6920	TCEA3	2e-13	0.0142985
3093	UBE2K	3e-13	0.013948
55118	CRTAC1	3e-13	0.0140698
51195	RAPGEFL1	3e-13	0.0156879
55013	MCUB	3e-13	0.0492833
655	BMP7	3e-13	0.0159703
5329	PLAUR	4e-13	0.0191065
1362	CPD	4e-13	0.0144905
221037	JMJD1C	5e-13	0.0140087
26751	SH3YL1	6e-13	0.0144373
3815	KIT	1e-12	0.0138982
10917	BTNL3	1e-12	0.0600103
8482	SEMA7A	1e-12	0.0239698
342371	ATXN1L	1e-12	0.0154918
272	AMPD3	1e-12	0.0150235
144347	RFLNA	1e-12	0.0139632
3953	LEPR	2e-12	0.0140517
10014	HDAC5	2e-12	0.0361479
4217	MAP3K5	2e-12	0.013725
2322	FLT3	2e-12	0.0620148
57104	PNPLA2	2e-12	0.0578616
126	ADH1C	3e-12	0.0143403
2778	GNAS	4e-12	0.04341
80021	TMEM62	4e-12	0.0133628
55667	DENND4C	5e-12	0.0225924
2775	GNAO1	5e-12	0.0545632
131034	CPNE4	5e-12	0.0149852
54808	DYM	6e-12	0.045222
8019	BRD3	7e-12	0.0147445
85363	TRIM5	9e-12	0.0251639
84623	KIRREL3	9e-12	0.0148093
4299	AFF1	1e-11	0.0129676
23414	ZFPM2	1e-11	0.0168344
5682	PSMA1	1e-11	0.0390728
80781	COL18A1	1e-11	0.0151544
10673	TNFSF13B	2e-11	0.047464
5187	PER1	2e-11	0.0129471
5890	RAD51B	2e-11	0.0250334
5992	RFX4	2e-11	0.0127576
131601	TPRA1	2e-11	0.0160887
8631	SKAP1	3e-11	0.0248864
389136	VGLL3	3e-11	0.0220822
54961	SSH3	4e-11	0.0258355
8563	THOC5	5e-11	0.015059
55582	KIF27	5e-11	0.0148907
4782	NFIC	7e-11	0.01363
8202	NCOA3	7e-11	0.0139068
3899	AFF3	7e-11	0.0145605
2949	GSTM5	7e-11	0.014553
5609	MAP2K7	8e-11	0.0127368
57801	HES4	1e-10	0.0124547
3097	HIVEP2	1e-10	0.0177819
133522	PPARGC1B	1e-10	0.0133241
5144	PDE4D	1e-10	0.0124977
4634	MYL3	2e-10	0.0527925
10076	PTPRU	2e-10	0.0121325
54790	TET2	2e-10	0.0125876
466	ATF1	2e-10	0.0122696
8515	ITGA10	3e-10	0.0637345
123722	FSD2	3e-10	0.0133506
79096	CSTPP1	3e-10	0.0286032
56990	CDC42SE2	3e-10	0.0319312
344758	GPR149	4e-10	0.0165187
57647	DHX37	4e-10	0.0139898
153830	RNF145	4e-10	0.0138395
54662	TBC1D13	4e-10	0.0132127
4211	MEIS1	4e-10	0.0125786
29097	CNIH4	4e-10	0.0338754
80339	PNPLA3	5e-10	0.0143977
5446	PON3	5e-10	0.029467
602	BCL3	6e-10	0.0121294
2697	GJA1	6e-10	0.0137125
5139	PDE3A	9e-10	0.0145424
3098	HK1	9e-10	0.0183089
127579	DCST2	1e-09	0.0240304
9167	COX7A2L	1e-09	0.0132202
4774	NFIA	1e-09	0.0225872
51621	KLF13	1e-09	0.0154202
3131	HLF	2e-09	0.0128343
7015	TERT	2e-09	0.012181
55174	INTS10	2e-09	0.0549281
1488	CTBP2	2e-09	0.0115949
4987	OPRL1	2e-09	0.0115713
132660	LIN54	3e-09	0.0128995
4780	NFE2L2	3e-09	0.0121743
401145	CCSER1	3e-09	0.0113473
9881	TRANK1	3e-09	0.0115403
26747	NUFIP1	4e-09	0.0325768
23295	MGRN1	4e-09	0.0166503
158038	LINGO2	4e-09	0.0120266
9819	TSC22D2	4e-09	0.0144811
137682	NDUFAF6	4e-09	0.0161666
5869	RAB5B	4e-09	0.0113701
549	AUH	4e-09	0.0192931
11318	GPR182	4e-09	0.0201854
1462	VCAN	4e-09	0.0281485
8178	ELL	4e-09	0.014263
1112	FOXN3	5e-09	0.0141866
23215	PRRC2C	5e-09	0.0193223
254251	LCORL	6e-09	0.0149535
4137	MAPT	6e-09	0.0282696
56034	PDGFC	6e-09	0.0118813
7366	UGT2B15	6e-09	0.011216
27246	RNF115	6e-09	0.0490747
23019	CNOT1	6e-09	0.0480174
64901	RANBP17	7e-09	0.0119298
3394	IRF8	7e-09	0.0123559
744	MPPED2	7e-09	0.0113638
111	ADCY5	7e-09	0.0111889
57479	PRR12	8e-09	0.0208129
5937	RBMS1	1e-08	0.0111672
85021	REPS1	1e-08	0.0108389
55022	PID1	1e-08	0.0113203
7018	TF	1e-08	0.010907
26137	ZBTB20	1e-08	0.0141034
81606	LBH	1e-08	0.0108519
80310	PDGFD	1e-08	0.0136347
1523	CUX1	1e-08	0.0110517
5801	PTPRR	2e-08	0.0108668
347	APOD	2e-08	0.0316402
11196	SEC23IP	2e-08	0.0112798
11338	U2AF2	2e-08	0.0168993
9679	FAM53B	2e-08	0.0107953
54796	BNC2	2e-08	0.0138488
9267	CYTH1	2e-08	0.0108574
84647	PLA2G12B	2e-08	0.0125964
9908	G3BP2	2e-08	0.0107801
3915	LAMC1	2e-08	0.0110182
57111	RAB25	2e-08	0.0359832
129804	FBLN7	2e-08	0.0193007
57507	ZNF608	2e-08	0.0108901
22893	BAHD1	2e-08	0.0192659
9472	AKAP6	2e-08	0.0110036
9619	ABCG1	2e-08	0.0108977
4297	KMT2A	2e-08	0.017815
81615	TMEM163	2e-08	0.0149621
196	AHR	2e-08	0.0110975
445815	PALM2AKAP2	3e-08	0.0123936
79874	RABEP2	3e-08	0.0109104
123096	SLC25A29	3e-08	0.0198954
6900	CNTN2	3e-08	0.0129246
161502	CFAP161	3e-08	0.0123517
8079	MLF2	3e-08	0.0106511
6118	RPA2	3e-08	0.0211879
57624	NYAP2	3e-08	0.0140382
56204	ATOSA	3e-08	0.0129245
4988	OPRM1	4e-08	0.0180224
64135	IFIH1	4e-08	0.0346587
137868	SGCZ	4e-08	0.0108581
4860	PNP	4e-08	0.012146
2788	GNG7	4e-08	0.0118971
10608	MXD4	4e-08	0.0150058
144404	TMEM120B	5e-08	0.0246258
57175	CORO1B	5e-08	0.0528525
9289	ADGRG1	5e-08	0.0336451
104	ADARB1	5e-08	0.0105516
28966	SNX24	5e-08	0.0108013
9507	ADAMTS4	5e-08	0.0106351
