Entrez	Gene Symbol	P-value	Beta
79068	FTO	3e-241	0.0591
8200	GDF5	3e-57	0.0281
2696	GIPR	3e-56	0.0318
134359	POC5	1e-47	0.0242
7021	TFAP2B	2e-47	0.0289
124446	TMEM219	9e-47	0.0315
23017	FAIM2	2e-46	0.0247
84456	L3MBTL3	6e-45	0.03
115	ADCY9	8.000000000000001e-45	0.024
153241	CEP120	4e-44	0.023
5324	PLAG1	2e-41	0.0353
54901	CDKAL1	6e-33	0.0233
898	CCNE1	9.000000000000001e-29	0.022
6581	SLC22A3	1.9999999999999998e-26	0.0181
3480	IGF1R	1.9999999999999998e-26	0.0193
22992	KDM2A	3.9999999999999996e-26	0.0395
79915	ATAD5	9e-26	0.0236
54805	CNNM2	8.999999999999998e-25	0.0248
57211	ADGRG6	9e-24	0.0176
9369	NRXN3	1.0000000000000001e-23	0.0252
5915	RARB	1.0000000000000001e-23	0.0167
10075	HUWE1	3e-23	0.0134
117154	DACH2	4.0000000000000004e-23	0.0135
8546	AP3B1	5e-23	0.0212
2202	EFEMP1	1e-22	0.0189
51144	HSD17B12	2e-22	0.0177
2646	GCKR	4e-22	0.0161
57497	LRFN2	5e-22	0.0167
9312	KCNB2	9e-22	0.0174
57623	ZFAT	9e-22	0.0166
8817	FGF18	1e-21	0.0204
5295	PIK3R1	2e-21	0.0157
5607	MAP2K5	2e-21	0.0171
57594	HOMEZ	8e-21	0.0159
55831	EMC3	2e-20	0.0164
7227	TRPS1	3e-20	0.016
127579	DCST2	3e-20	0.0205
896	CCND3	3e-20	0.0394
56957	OTUD7B	4e-20	0.0168
596	BCL2	1e-19	0.0153
124274	GPR139	3e-19	0.0166
23493	HEY2	8e-19	0.0151
57153	SLC44A2	9e-19	0.0151
81794	ADAMTS10	1e-18	0.0506
27327	TNRC6A	1e-18	0.0189
59338	PLEKHA1	2e-18	0.0145
56941	HMCES	2e-18	0.017
7157	TP53	4e-18	0.0819
744	MPPED2	4e-18	0.0178
57578	UNC79	7e-18	0.015
158038	LINGO2	8e-18	0.0159
1912	PHC2	9e-18	0.0164
10644	IGF2BP2	9e-18	0.0284
5893	RAD52	3e-17	0.0212
7187	TRAF3	3e-17	0.0144
253559	CADM2	3e-17	0.0187
2780	GNAT2	4e-17	0.0549
339479	BRINP3	4e-17	0.0141
100101267	POM121C	5e-17	0.0187
22955	SCMH1	6e-17	0.0203
5784	PTPN14	7e-17	0.0139
131034	CPNE4	9e-17	0.0167
10207	PATJ	1e-16	0.0297
5443	POMC	1e-16	0.017
9866	TRIM66	2e-16	0.0148
26053	AUTS2	2e-16	0.0142
23635	SSBP2	2e-16	0.0157
51019	WASHC3	3e-16	0.0208
2475	MTOR	3e-16	0.0171
5874	RAB27B	3e-16	0.0155
23373	CRTC1	5e-16	0.0156
9472	AKAP6	7e-16	0.0144
54881	TEX10	7e-16	0.0175
8028	MLLT10	9e-16	0.0178
55118	CRTAC1	1e-15	0.0167
54800	KLHL24	2e-15	0.0143
5069	PAPPA	3e-15	0.0208
96459	FNIP1	4e-15	0.0134
4782	NFIC	5e-15	0.0144
23338	JADE2	8e-15	0.013
23365	ARHGEF12	8e-15	0.0165
55743	CHFR	1e-14	0.0148
5649	RELN	1e-14	0.0129
9267	CYTH1	1e-14	0.0129
7042	TGFB2	1e-14	0.0142
10608	MXD4	3e-14	0.0159
23112	TNRC6B	3e-14	0.0129
26084	ARHGEF26	3e-14	0.0125
176	ACAN	4e-14	0.046
8856	NR1I2	5e-14	0.0138
129563	DIS3L2	5e-14	0.0139
3096	HIVEP1	5e-14	0.0132
80315	CPEB4	5e-14	0.0169
1373	CPS1	7e-14	0.0144
60676	PAPPA2	7e-14	0.0128
29945	ANAPC4	8e-14	0.0182
6514	SLC2A2	9e-14	0.0151
5142	PDE4B	1e-13	0.0125
5500	PPP1CB	1e-13	0.0124
29951	PDZRN4	1e-13	0.0122
92312	MEX3A	2e-13	0.0224
5334	PLCL1	2e-13	0.0126
4809	SNU13	2e-13	0.0259
22895	RPH3A	3e-13	0.0264
783	CACNB2	3e-13	0.0138
22795	NID2	3e-13	0.0295
6934	TCF7L2	3e-13	0.0156
161357	MDGA2	3e-13	0.0124
8398	PLA2G6	3e-13	0.0127
221895	JAZF1	4e-13	0.0163
4052	LTBP1	4e-13	0.0292
55024	BANK1	5e-13	0.0127
8312	AXIN1	5e-13	0.0125
84444	DOT1L	6e-13	0.012
4988	OPRM1	6e-13	0.0196
266722	HS6ST3	6e-13	0.012
98	ACYP2	7e-13	0.0122
58489	ABHD17C	8e-13	0.0139
54986	ULK4	8e-13	0.0138
29942	PURG	8e-13	0.0148
57188	ADAMTSL3	8e-13	0.0124
22854	NTNG1	1e-12	0.0147
11108	PRDM4	1e-12	0.0138
27175	TUBG2	1e-12	0.0119
58516	SINHCAF	2e-12	0.0243
23705	CADM1	3e-12	0.0116
283455	KSR2	3e-12	0.0126
144455	E2F7	4e-12	0.0134
2562	GABRB3	5e-12	0.0116
51195	RAPGEFL1	5e-12	0.0126
203238	CCDC171	5e-12	0.012
143384	CACUL1	6e-12	0.0158
2120	ETV6	6e-12	0.0119
139189	DGKK	6e-12	0.0104
9910	RABGAP1L	6e-12	0.0162
9378	NRXN1	6e-12	0.0133
1307	COL16A1	7e-12	0.0119
55857	KIZ	7e-12	0.0118
51594	NBAS	7e-12	0.012
26040	SETBP1	8e-12	0.012
5137	PDE1C	8e-12	0.0118
9252	RPS6KA5	1e-11	0.0152
353500	BMP8A	1e-11	0.014
9686	VGLL4	1e-11	0.0145
6660	SOX5	1e-11	0.0143
2887	GRB10	2e-11	0.0176
23269	MGA	2e-11	0.0151
26052	DNM3	2e-11	0.0116
121793	TEX29	2e-11	0.0135
84619	ZGPAT	2e-11	0.0116
6251	RSU1	2e-11	0.0136
9837	GINS1	2e-11	0.0133
55297	CCDC91	3e-11	0.0122
57698	SHTN1	3e-11	0.0164
53353	LRP1B	3e-11	0.014
23418	CRB1	3e-11	0.0218
140733	MACROD2	3e-11	0.0169
65220	NADK	3e-11	0.011
27332	ZNF638	4e-11	0.0114
5125	PCSK5	4e-11	0.0178
9353	SLIT2	4e-11	0.012
2762	GMDS	4e-11	0.0171
2894	GRID1	5e-11	0.021
111	ADCY5	5e-11	0.0115
4238	MFAP3	5e-11	0.0133
6586	SLIT3	7e-11	0.0132
116985	ARAP1	8e-11	0.0127
170691	ADAMTS17	8e-11	0.0211
9557	CHD1L	9e-11	0.0158
3667	IRS1	1e-10	0.0163
23030	KDM4B	1e-10	0.0367
26043	UBXN7	1e-10	0.014
4045	LSAMP	1e-10	0.0119
64919	BCL11B	1e-10	0.0136
375449	MAST4	1e-10	0.0113
775	CACNA1C	2e-10	0.012
3643	INSR	2e-10	0.0111
152002	XXYLT1	2e-10	0.0121
23513	SCRIB	2e-10	0.0133
2895	GRID2	2e-10	0.0124
83637	ZMIZ2	2e-10	0.0117
55718	POLR3E	2e-10	0.0217
4776	NFATC4	2e-10	0.0112
11315	PARK7	2e-10	0.0109
16	AARS1	2e-10	0.0104
93594	TBC1D31	3e-10	0.0113
5136	PDE1A	3e-10	0.0115
8558	CDK10	3e-10	0.0132
10570	DPYSL4	3e-10	0.0135
29035	HAPSTR1	4e-10	0.0133
83698	CALN1	4e-10	0.0137
55843	ARHGAP15	4e-10	0.0147
56243	KIAA1217	4e-10	0.0199
23648	SSBP3	4e-10	0.0134
9827	RGP1	4e-10	0.0151
7543	ZFX	4e-10	0.0089
84929	FIBCD1	4e-10	0.0106
11044	TENT4A	4e-10	0.0108
125	ADH1B	5e-10	0.0185
55636	CHD7	5e-10	0.0231
57706	DENND1A	5e-10	0.0134
23140	ZZEF1	5e-10	0.0148
8881	CDC16	6e-10	0.0121
56479	KCNQ5	6e-10	0.012
64839	FBXL17	6e-10	0.0116
5099	PCDH7	6e-10	0.0114
23347	SMCHD1	7e-10	0.0119
55534	MAML3	7e-10	0.011
1763	DNA2	8e-10	0.0172
83988	NCALD	8e-10	0.0119
8609	KLF7	8e-10	0.0112
2626	GATA4	9e-10	0.0118
11162	NUDT6	9e-10	0.0143
594	BCKDHB	1e-09	0.01
9415	FADS2	1e-09	0.0172
2272	FHIT	1e-09	0.0122
137868	SGCZ	1e-09	0.0119
1027	CDKN1B	1e-09	0.0107
23199	GSE1	1e-09	0.0449
201625	DNAH12	1e-09	0.0116
80816	ASXL3	1e-09	0.0105
84458	LCOR	2e-09	0.02
8618	CADPS	2e-09	0.0134
55512	SMPD3	2e-09	0.0121
2992	GYG1	2e-09	0.0103
64641	EBF2	2e-09	0.013
4074	M6PR	2e-09	0.0099
23301	EHBP1	2e-09	0.0104
53349	ZFYVE1	2e-09	0.0238
64093	SMOC1	2e-09	0.0101
8541	PPFIA3	2e-09	0.0105
9079	LDB2	3e-09	0.0103
79823	CAMKMT	3e-09	0.0163
160851	DGKH	3e-09	0.0121
2043	EPHA4	3e-09	0.0118
1630	DCC	3e-09	0.0153
1601	DAB2	3e-09	0.0098
583	BBS2	3e-09	0.0115
112	ADCY6	4e-09	0.0356
4927	NUP88	4e-09	0.0133
2888	GRB14	4e-09	0.0123
4883	NPR3	4e-09	0.0109
57489	ODF2L	4e-09	0.0164
517	ATP5MC2	4e-09	0.0113
22879	MON1B	4e-09	0.0132
23522	KAT6B	4e-09	0.013
7003	TEAD1	4e-09	0.0124
51514	DTL	4e-09	0.01
84894	LINGO1	4e-09	0.0135
23039	XPO7	5e-09	0.0097
1806	DPYD	5e-09	0.0138
4053	LTBP2	5e-09	0.0102
1301	COL11A1	5e-09	0.01
124540	MSI2	7e-09	0.01
83851	SYT16	7e-09	0.0134
23704	KCNE4	7e-09	0.0108
3633	INPP5B	7e-09	0.0096
6482	ST3GAL1	7e-09	0.0097
54715	RBFOX1	7e-09	0.0124
22848	AAK1	8e-09	0.0152
344905	ATP13A5	8e-09	0.1551
253959	RALGAPA1	8e-09	0.0136
4978	OPCML	8e-09	0.0102
1740	DLG2	8e-09	0.0096
79921	TCEAL4	9e-09	0.0078
11148	HHLA2	9e-09	0.0116
56159	TEX11	1e-08	0.0114
604	BCL6	1e-08	0.0197
2139	EYA2	1e-08	0.0121
22904	SBNO2	1e-08	0.0175
5798	PTPRN	1e-08	0.0109
26280	IL1RAPL2	1e-08	0.0446
138046	RALYL	1e-08	0.0266
23090	ZNF423	1e-08	0.0122
23040	MYT1L	2e-08	0.0095
127602	DNAH14	2e-08	0.0143
130574	LYPD6	2e-08	0.0125
1656	DDX6	2e-08	0.0119
9451	EIF2AK3	2e-08	0.0098
1496	CTNNA2	2e-08	0.0147
6928	HNF1B	2e-08	0.0098
10714	POLD3	2e-08	0.0106
56899	ANKS1B	2e-08	0.0121
9819	TSC22D2	2e-08	0.0093
51317	PHF21A	2e-08	0.0193
10082	GPC6	2e-08	0.0124
10692	RRH	3e-08	0.0123
10667	FARS2	3e-08	0.0143
51460	SFMBT1	3e-08	0.016
442117	GALNTL6	3e-08	0.0117
134391	GPR151	3e-08	0.0628
56995	TULP4	3e-08	0.0109
2047	EPHB1	3e-08	0.0091
2201	FBN2	3e-08	0.013
80309	SPHKAP	3e-08	0.0102
7106	TSPAN4	3e-08	0.0117
23558	WBP2	3e-08	0.0152
140688	NOL4L	3e-08	0.0257
56911	MAP3K7CL	3e-08	0.0112
154215	NKAIN2	3e-08	0.0117
221692	PHACTR1	3e-08	0.0096
26054	SENP6	4e-08	0.0168
8897	MTMR3	4e-08	0.0101
168975	CNBD1	4e-08	0.009
7265	TTC1	4e-08	0.0268
80031	SEMA6D	4e-08	0.0095
4897	NRCAM	4e-08	0.0218
79918	SETD6	4e-08	0.0132
577	ADGRB3	5e-08	0.0292
22808	MRAS	5e-08	0.0153
686	BTD	5e-08	0.0095
2741	GLRA1	5e-08	0.0379
57144	PAK5	5e-08	0.0091
